10.1794

9.0009

7.7786

6.7265

7.1382

4.8316

12.8460

11.9465

8.3183

7.4435

7.6971

9.0943

9.9234

15.0657

13.4454

10.5662

12.1122

12.2400

12.5138

10.3729

13.4465

6.7533

13.5594

10.6635

6.8970

5.7807

10.2688

7.3735

9.9316

9.7870

11.1853

5.1467

12.0634

7.2378

13.5961

13.1002

9.4822

17.3361

7.6328

12.9159

11.0338

9.1688

13.3238

8.0258

9.2666

6.1832

10.0208

10.5630

8.5531

9.9138

12.0726

10.0734

9.3618

11.9388

5.1425

13.5422

9.7068

13.5546

12.2161

8.2023

9.7491

10.6430

11.4572

10.1156

10.5633

12.5910

12.0979

15.1585

7.7958

7.7508

7.4715

10.6009

11.3743

10.0674

13.5839

13.8632

12.0093

8.9692

5.0152

11.6057

18.0793

9.5367

8.5792

10.5343

6.3175

17.6865

4.6690

7.8309

11.2239

9.4752

14.2520

11.9380

6.8276

10.6790

2.9388

9.4081

9.0104

13.7728

14.6171

11.4272

6.3445

8.3754

10.2076

10.7974

6.3337

2.7658

11.3693

8.8704

9.0869

6.2851

10.5195

9.2676

12.6951

13.6960

7.4788

10.5995

6.5390

5.6934

7.5562

13.8706

5.4882

12.5933

3.6652

7.9729

2.4702

9.7969

8.4674

12.9468

12.2954

8.7703

12.1568

9.9882

13.3013

17.6234

7.4131

12.4053

13.6118

10.7094

13.7475

13.7688

9.2625

14.6970

9.0219

8.9541

4.4696

8.9622

8.9804

11.0106

13.4673

9.3054

7.2794

9.1181

8.0495

8.7705

8.7082

11.6523

12.3033

9.7905

10.0377

5.7222

11.4229

8.2962

12.7983

6.5503

10.2388

9.0693

9.5815

8.0589

7.4689

7.7051

9.5434

5.3925

7.1443

11.8189

3.5224

10.1851

6.9987

10.9757

4.4063

5.6938

4.4466

11.2993

12.8834

9.5172

5.2261

10.8741

9.2075

8.2463

9.5691

5.6688

12.4528

11.6322

7.6834

6.4999

15.2062

10.2609

9.2852

11.9702

12.2492

9.1857

10.0016

6.1438

9.7231

11.0570

8.3250

10.6066

8.4853

5.7285

15.0543

11.5631

11.2129

10.0504

10.0702

12.3013

8.2203

5.3231

10.2548

9.6947

16.2306

8.9968

7.7605

3.6598

10.7736

10.3181

12.2755

9.9598

8.0251

14.9064

4.2687

11.1019

14.3448

12.7359

9.8983

11.4146

8.9803

11.2056

10.8374

13.2477

8.4570

9.7129

9.4689

13.0705

15.2104

12.2360

9.8113

14.1313

13.6201

10.0596

3.5138

15.1072

6.4112

11.0512

10.8582

8.3231

10.8646

11.1431

16.6303

8.4049

5.1430

12.9777

7.3770

13.4508

13.8113

9.3604

6.2601

11.3568

12.5429

9.2545

7.8898

7.2648

8.5404

8.9949

13.0615

10.6832

13.8410

15.5689

8.8095

10.0299

8.2641

8.2892

5.6421

9.5069

5.7073

17.4226

8.6623

6.5302

12.1265

8.7730

11.9013

11.3459

14.6792

14.3860

14.5736

9.9153

14.5178

8.5111

10.4368

4.5521

11.3125

9.3061