-0.5869     -1.1207     -0.0481
2.4434     1.9143     -0.9260
1.1739     0.3765     -0.9366
3.8155     1.7402     2.9475
3.2610     3.5372     1.8117
2.5927     0.1031     4.9048
1.7401     2.7898     0.1641
0.6216     -4.6116     2.6570
1.0053     5.9268     -4.7504
1.3607     -0.6592     0.0352
-1.8959     0.0538     -0.7048
-0.4713     1.3772     0.0406
-1.4129     2.6672     -3.2983
-2.9802     1.1375     -2.6836
5.3105     1.6857     0.6074
2.0378     -0.3459     1.1798
-0.8444     1.8671     2.5761
0.1999     0.6722     1.8958
1.9264     0.6835     0.6789
0.8790     -0.7131     -1.0497
2.1861     2.4476     0.7192
-1.7580     -0.1547     0.0984
0.4838     -1.2420     0.9883
-0.2248     -0.2885     -0.4034
1.2168     0.4346     0.4406
-4.3311     -2.5090     3.6836
-0.0747     1.1197     -1.4165
-0.5497     0.5306     -0.3695
-0.6572     0.1132     1.6648
1.7854     -0.4844     -1.0329
3.6401     7.4080     4.9283
3.4547     -0.2487     1.1201
2.7678     -3.0009     -1.4548
2.6130     -1.6178     2.6594
2.0620     -1.7003     3.2894
-0.9655     -1.4401     -1.9115
2.3181     1.0761     -1.8551
-2.3609     5.2962     2.4157
1.2382     1.3847     -0.0792
1.0889     3.2038     0.2445
2.6640     0.9699     2.9120
0.8367     -1.4270     0.1452
-1.1229     1.1748     1.7482
0.9630     4.1412     0.0876
0.6980     3.7873     0.6039
2.8689     -0.7205     1.5523
2.6159     3.8583     0.0957
0.0845     -3.1418     -1.5414
-1.0122     -4.6202     -1.2272
3.0043     1.6292     2.0198
-2.7942     1.7585     -1.8810
-2.5981     -2.2084     3.2144
-2.1941     1.3637     2.8578
2.1448     -0.9915     0.9245
-3.2973     -0.5603     0.1212
1.0160     -1.2148     3.7323
-0.7012     -2.1387     0.7975
1.4621     0.1382     4.8481
1.9798     0.4521     1.0765
-0.4554     5.1066     -4.2488
0.3491     1.7326     0.5505
3.1036     -3.6057     0.5010
-2.1860     0.7839     0.9433
3.6328     -0.7579     0.3490
-0.3921     0.1053     0.2004
0.5393     2.9092     2.3371
-0.6916     -3.0295     1.4477
3.8168     1.2066     -2.0205
-1.7261     3.9453     2.6069
0.0710     0.7837     0.0634
2.6621     0.8911     5.4887
0.8626     4.0993     0.9374
1.3486     -0.1148     2.0610
0.7773     3.1974     0.8277
-0.2322     1.0400     -0.0337
3.8797     2.9160     -0.1147
-0.2241     -0.8453     1.5809
-3.1772     -1.6678     1.9516
3.0627     -0.1220     1.8751
0.9397     -0.9140     6.5025
3.5153     2.0837     -0.8105
-1.2424     -0.8123     1.6219
-0.8049     -0.2202     2.2327
0.8710     -0.3295     -2.7525
0.4837     -0.6149     -0.4917
2.9342     -0.2890     2.4262
-0.2302     2.0533     -0.3761
1.7462     -3.0860     4.9508
0.7132     3.7055     1.4352
-1.0588     3.9696     2.4803
2.7954     -0.4712     -0.2767
0.5752     1.6402     -0.1433
4.0301     3.1536     0.2456
-1.2755     0.9624     2.7807
0.2684     -0.0330     -1.9112
3.8731     0.3593     2.4153
1.2588     3.5708     0.1942
4.1664     1.5983     0.1320
2.0322     -0.9068     0.4821
-0.3425     0.2207     1.0333
0.9356     2.2108     3.1192
1.1835     0.9970     -2.3037
1.0306     2.1039     0.9483
-0.1738     -0.0580     -0.7901
3.2018     -0.4183     -2.2064
0.2137     1.6965     -0.5106
-1.0211     0.5216     -1.2363
5.1226     1.6563     2.4503
1.0671     2.3249     1.3284
-1.8081     2.1948     0.6080
-1.3507     -1.0428     2.1528
-1.1766     1.2891     -1.2392
-1.9488     2.5843     -1.6306
1.6948     0.2614     -0.0288
1.0532     2.5063     3.2972
2.4261     2.5149     -0.7474
1.5175     1.2689     -0.9703
1.4359     0.8427     -0.5477
1.4597     0.3494     0.0938
2.1993     -0.7833     0.4313
-0.6134     -0.5050     -0.1815
3.0425     2.4770     1.5523
0.1278     4.0380     4.2980
0.4047     1.2560     2.3038
0.0019     1.9630     -1.3324
0.6395     1.3299     0.8604
0.1863     2.7993     -0.3504
-0.8199     -1.3299     2.8743
1.2324     0.5672     1.4365
0.5925     2.1105     0.6776
2.4246     5.0481     1.7854
1.2009     1.4365     -0.0894
1.2771     1.3764     2.2003
1.3645     1.6733     -0.8666
3.9254     -0.9614     0.4389
1.0157     3.6093     3.3894
6.3104     1.1811     4.6219
-1.0280     1.6278     -0.6313
3.6266     0.2197     3.2057
4.0936     3.1804     -3.2852
1.4760     0.3376     -1.2052
4.1132     3.2568     0.0740
-0.6470     -1.0452     2.3563
-0.0549     0.6578     0.3298
-1.3234     -1.8540     -0.9245
0.9187     3.6123     -0.9464
-0.2238     -1.7997     -0.4126
-0.6840     -0.3667     -1.6057
1.1693     1.2933     1.1153
-1.7883     0.6979     2.3257
1.2786     2.2010     -0.9498
0.2308     2.6055     1.3233
2.0154     1.5297     1.9371
-2.4728     2.6926     3.2733
-0.1635     0.2503     4.2119
1.3977     -1.5275     2.3077
0.6247     0.5298     -0.2008
-0.9716     0.4264     2.5898
-0.8188     0.8964     1.2863
5.6593     -1.2894     1.8116
2.6987     0.3211     2.0181
1.3266     3.3240     1.1287
3.0519     0.2060     4.8272
1.0100     4.3121     1.1187
3.7368     -0.5836     -0.3967
-0.2825     -1.1577     2.3574
0.7866     0.6742     2.6180
-0.0934     1.5559     0.8689
1.2133     2.0398     -1.0567
-1.5923     -2.6319     -1.7373
-3.9521     0.5486     7.0501
3.6761     -0.6915     -4.7407
0.7622     0.3626     -1.8758
5.1647     1.3370     -0.6507
0.2085     -1.3450     -2.0322
-1.9184     0.6507     1.1253
-0.2812     -0.3988     3.0287
1.0221     -1.5220     -0.5926
1.5679     1.3273     2.8901
0.5726     3.9891     2.0328
-1.8917     -0.3079     1.4901
0.3778     1.4639     -2.0943
3.3202     4.4897     3.3167
2.0677     3.3233     0.3504
0.2722     5.1543     1.4271
-0.0214     5.8858     -3.0261
-1.5916     -0.1281     0.3759
-0.1841     2.4776     0.2307
2.2437     3.4441     -0.3083
-0.7674     0.3844     0.9736
1.9802     5.0485     1.2419
2.3004     0.8510     -0.0496
1.8218     -1.7290     0.6450
2.7747     0.5010     1.7464
-0.0513     1.6256     -0.4195
-0.8402     2.5270     1.0111
-0.6553     0.8358     1.6989
0.4226     -1.8677     1.8222
1.6555     2.8617     0.0301
0.3330     -0.9966     -0.0535
0.2223     1.3677     4.9029
1.4729     -1.6147     1.5627
0.1772     1.6118     2.6509
2.8967     0.7333     0.4418
1.2213     1.8453     -2.8217
-2.5098     -1.3484     -0.5261
0.6234     -1.6503     4.7526
1.7134     1.4152     0.3393
0.7881     2.4967     2.0854
-0.4677     2.3219     -2.7794
1.3858     -2.1861     3.6133
0.3085     2.2715     -1.0851
-1.3470     2.4003     -2.0882
0.9319     -1.4653     2.1009
0.5484     4.8578     -1.7042
1.2430     0.4431     -1.2267
3.9151     1.5896     0.5933
0.5359     0.1047     1.5002
1.5523     0.9356     -1.1601
1.3874     -0.8286     0.1229
-0.7174     1.3736     0.5277
2.8292     -0.4789     1.8328
0.0342     -0.6665     2.6281
3.6576     1.6547     2.3350
-0.5130     2.2091     2.0048
-0.0662     -1.7821     0.5863
0.2491     1.5868     1.5164
4.1190     -2.4591     2.2510
-1.8289     -0.4543     1.1594
1.9790     -0.3137     1.5583
-1.3782     0.1326     -1.6395
-2.5928     -0.7807     -1.0176
1.1195     0.1463     0.6595
-0.2439     -2.3538     1.5712
-0.8509     4.4545     -0.1462
0.8038     1.2769     1.2457
2.9913     2.1585     1.1314
0.5168     -1.5548     3.1204
4.6434     0.0081     2.6312
-0.2898     -0.0080     1.6494
0.7616     5.5810     0.8761
3.5768     -1.1807     2.5181
-1.6154     2.9369     -4.9203
0.1330     -0.6179     2.7373
1.4289     -0.3348     5.2960
0.3513     4.1215     -2.0272
-1.0564     0.3403     4.1559
-0.5021     -1.0104     1.6036
0.4742     -1.5793     -0.3223
0.1013     2.7048     -0.5375
-2.7360     1.8435     3.5048
0.5370     -1.5309     -1.0297
-0.1009     0.9142     4.3393
2.8472     3.4855     1.9405
-1.0399     -0.3954     3.2878
-2.6224     0.8284     4.3211
0.3314     -0.2010     1.1324
3.1226     -0.4456     -2.4397
-1.1934     1.4098     0.8820
0.9287     0.2900     3.9381
-0.6179     0.9530     4.1240
3.1348     -0.2734     -1.1524
2.2812     1.8486     2.5515
-0.8826     -0.5622     -0.0686
0.7202     0.9308     -0.9434
4.1705     -1.1171     6.7171
-0.8331     0.2680     -0.3153
0.4904     1.5750     1.2590
2.8919     1.5035     5.9595
2.8139     0.2048     3.6915
-1.2407     -0.5732     3.3132
-0.2314     0.5689     4.8272
2.3449     -2.5558     -3.3923
0.7656     -1.5344     -0.7374
5.6900     1.6821     3.7694
3.9582     1.1714     -0.4451
0.4771     -4.1332     2.8612
4.3846     2.7024     0.1271
-0.4283     0.7931     -1.5763
1.8009     3.5549     -2.1591
-3.0193     0.2073     2.6817
-0.4283     0.6732     1.4265
4.7758     0.8790     -1.9846
1.1394     0.7378     6.8394
-3.3490     -0.5867     -3.4487
0.5677     1.4447     -0.1952
4.1170     0.4652     0.4561
2.3461     -0.4280     2.7794
2.2243     1.1881     -1.4040
-2.7504     1.9913     -0.0558
1.8530     -0.4687     1.2118
2.9960     5.8808     7.0309
-0.1547     -0.0803     -0.2391
1.1926     0.7171     1.6020
0.7559     -0.4801     1.2166
-0.4227     1.8614     0.6069
2.3537     3.1513     0.7756
1.7857     1.8345     2.3626
0.4920     2.0741     -0.2184
-2.0299     3.0839     -0.8817
1.0481     4.1725     2.3081
0.8768     4.4135     1.1221
2.2020     0.7834     1.3950
-1.7667     -1.4983     -2.6658
1.6043     3.5065     0.1012
1.1519     5.0532     1.4842
4.8885     1.7337     2.1264
-1.5651     1.2030     -0.7229
0.9963     0.2945     0.6489
-1.5231     -0.8605     1.1881
4.1826     -0.3652     2.2323
0.1443     -0.4987     -1.2748
0.1200     1.5202     0.5333
1.1111     -0.3309     0.8215
0.6238     1.1868     3.0842
1.1032     -0.2536     2.2671
3.3256     4.1743     1.4940
-0.2359     2.6839     0.9654
-2.3160     -1.0222     4.6283
2.3859     1.4540     -0.7669
2.1088     -1.0052     2.5506
-2.0266     2.6419     1.2110
3.0562     2.2225     2.3203
0.2869     2.9444     -2.1330
6.7408     2.5356     -0.0083
0.1196     3.7348     -0.4300
0.2346     -1.1721     -2.0754
-0.2383     3.0005     1.9880
0.2331     1.5697     -0.5252
1.6509     3.4070     4.0992
-0.1642     2.9920     1.7988
2.0878     1.7153     3.4835
0.5125     4.6797     5.1701
-2.8996     -0.0439     -0.9858
-0.7158     3.3790     -0.2077
-0.7129     4.8330     0.4605
-1.6035     0.3071     1.2836
0.8914     1.6105     3.3688
1.7663     1.0168     2.1651
-1.4620     2.0275     1.7866
3.0926     2.3209     -2.4441
1.7360     -0.0050     1.2153
1.9889     0.7464     1.1492
0.1595     1.7236     4.5833
-1.4691     0.7140     -1.9641
2.4427     -0.0369     2.1233
2.5688     0.5691     -0.6628
2.6819     2.3264     4.3164
3.6204     0.6371     1.5390
1.0447     -0.1673     2.1272
0.9699     -0.4868     -0.5267
2.9582     1.3001     3.4109
0.8962     1.5222     5.6403
3.6491     0.5415     2.0938
0.9156     2.0114     -0.0610
2.2097     0.6249     0.6343
-1.8750     -1.0241     -0.3878
2.5567     1.2673     -3.1201
1.9098     -0.6361     1.1781
3.3103     4.0769     2.0977
0.5755     -0.4536     -2.7531
-0.0274     -1.3574     2.0529
1.7961     1.2896     0.9932
0.5068     0.9520     3.4719
1.2182     0.8195     2.6999
1.3532     -3.4673     1.5617
1.6337     1.2344     0.2235
-0.8468     6.3149     1.4423
5.2770     -1.8380     5.5889
0.2089     0.4771     1.1217
1.0511     -0.0039     1.1548
1.2770     -1.4428     2.5504
0.6531     1.8087     -0.0966
0.2443     -0.6174     -2.6506
-2.7016     0.9061     2.0497
0.0513     1.1779     -1.0707
0.5644     2.4641     0.5822
2.3629     1.7354     -0.2790
2.8657     1.6480     3.0356
1.5415     -0.5230     3.8762
1.7086     7.4067     2.9066
2.1345     -2.4397     1.7304
3.9847     1.0826     2.7701
3.0826     1.3741     1.8657
4.7748     -0.9155     0.2102
-0.6303     3.7138     0.0023
-0.2883     -0.7279     1.9125
4.3412     4.1934     1.6436
-0.3681     2.1381     1.7915
0.4884     -4.0247     2.8055
2.7130     4.3075     1.9186
-0.3146     -2.4110     1.2094
0.4150     1.1923     -1.8021
0.0610     1.9453     -0.3066
2.3363     1.5195     1.8074
-2.1610     -2.1993     -2.1962
0.8950     2.7299     -0.7384
1.8461     5.7528     6.2758
2.2839     2.0738     -0.6046
1.9287     1.2493     -1.5151
3.0520     0.9796     -2.2974
3.4082     -0.7271     1.3782
4.1273     1.5228     -4.0098
0.2991     1.1692     4.3126
-0.5016     1.9117     -0.6940
4.5211     1.8205     1.1271
1.8813     0.8094     4.5994
1.0361     -0.7416     2.2097
1.3324     2.7359     2.1913
0.8762     0.2552     -1.3723
2.1504     1.7592     -0.2332
-3.5730     -0.9293     1.7357
-1.1980     1.3484     4.2748
3.7746     0.3450     0.0350
1.8226     -1.2768     0.4742
2.2807     0.7576     -0.3588
3.3886     5.1021     1.4859
0.0606     -0.7008     0.6772
2.3942     2.3710     1.6273
0.3623     -0.5955     0.3925
-0.2783     2.8788     1.0206
1.7051     1.9520     -0.0079
-0.3121     1.4664     2.1411
-0.8560     -1.1803     2.0762
4.5304     1.8812     -0.5636
1.0830     3.6592     3.6182
-0.8719     1.9044     2.3610
0.5153     -1.2924     4.7842
-0.1944     4.1972     -2.8270
0.0371     0.4984     2.4374
3.6538     2.7934     -0.1622
0.6317     0.4765     0.4156
-3.0829     3.6378     -0.0242
1.2630     0.5588     1.8474
-0.5659     0.4435     -0.2173
2.5789     0.2580     2.2856
-0.3826     0.7952     -0.8704
-1.0554     -0.6732     0.2844
0.7191     -0.5850     1.2906
2.1411     2.5708     -0.7747
-1.0510     -1.3629     3.6191
-1.2807     1.1369     0.3372
-2.9993     3.5978     2.2027
3.6844     -0.7397     2.6663
4.7510     1.6478     1.1825
1.5096     2.7796     -1.6603
1.5778     0.3482     1.7882
1.0851     0.4959     -0.0695
1.9618     5.5017     1.6402
-0.0525     1.8946     2.3982
0.7304     0.2289     -1.0912
1.8306     1.9850     1.5973
3.3777     4.0212     -1.0632
3.6734     2.4186     6.6307
1.9919     -2.1964     0.4775
5.5534     -1.7067     -0.9341
-1.4071     -1.5475     3.8616
4.1229     -1.0887     -3.0632
4.1100     0.6276     -0.8992
-4.1044     1.6980     3.9513
1.0617     0.5349     -1.8622
5.2929     1.8889     1.9997
-1.1963     1.2048     5.9049
-0.4958     1.9945     2.8627
1.5120     0.6258     0.7960
1.0227     4.7448     8.2763
1.0155     -1.3316     2.1504
0.5111     1.5365     3.9050
1.0399     2.3003     -2.9883
1.3171     -1.1211     2.1005
0.1379     -0.2688     -0.4477
0.1294     0.3680     0.8770
-2.9194     1.4443     1.0629
-1.5143     -0.2257     -0.8084
1.9969     2.4839     -0.4193
-2.7680     -2.2699     2.5400
-0.4885     -0.4090     -2.2128
2.0640     -0.8215     1.8501
0.3491     2.4387     -0.1784
-0.1673     -3.1229     0.6610
1.5300     4.8635     0.8096
3.6515     -0.2675     1.1113
1.9781     0.5566     1.1192
2.7344     0.8779     0.8427
3.4664     1.3254     0.1905
1.3845     -0.8171     -0.5205
3.6549     4.6493     5.1079
1.5995     1.7914     0.2266
-1.8191     1.6698     0.0941
2.9877     2.4627     -2.1086
0.7001     0.8120     -1.9930
-0.3449     1.8294     3.9073
-0.1224     -0.0378     6.1873
1.4313     1.0005     3.3838
-1.9102     2.3305     2.6846
4.5981     4.9704     2.4764
0.7651     6.8351     0.2965
1.5241     -0.0673     0.3274
3.1281     2.0737     -4.8022
-1.2856     4.4480     0.9711