10.2616     11.0431     11.5762
11.3428     16.3150     10.4651
7.4301     9.6206     11.3126
11.7226     12.7664     9.7883
8.2145     11.0821     9.3317
11.5682     9.6482     12.1808
15.9229     3.8421     9.3713
11.1966     13.3850     10.2598
8.0700     9.3703     10.6117
6.0077     10.0613     10.8814
13.7690     3.9210     10.0853
9.4870     10.8823     9.4925
9.7149     5.0464     8.8260
13.5733     20.7271     9.8504
8.7786     9.8631     9.7286
12.8673     6.8106     8.9357
15.7426     8.8712     9.5805
7.2629     8.4023     8.7702
8.3470     8.1449     11.0131
8.0491     2.2533     10.1004
9.2115     16.7402     10.2721
11.4721     7.4295     10.6492
10.4050     19.9838     10.0342
10.3280     16.3696     9.5036
13.0271     11.8807     9.4315
10.7256     2.4700     10.8194
10.4350     9.7639     9.3237
8.1436     11.2523     9.8753
15.0832     7.7169     10.4320
9.7924     4.9478     9.2188
11.8695     11.4365     12.1986
9.0862     10.5457     9.4329
11.3422     10.4718     9.7270
5.2394     7.0002     10.8967
13.0373     5.6281     8.5066
6.6285     16.0140     9.5985
11.6526     9.0009     9.2897
5.7769     10.2018     9.9908
12.8664     4.5687     9.9654
10.5668     11.7817     10.3119
14.0504     13.9810     9.7861
10.1528     12.5657     9.1650
18.5376     6.5785     10.6365
7.1597     6.2261     8.8055
16.2628     1.3093     10.4157
14.2535     -2.5495     10.0356
11.0032     1.4885     9.3322
7.8220     7.2871     10.7055
7.9867     8.2469     10.6461
11.3200     9.5541     9.2214
8.8957     9.0875     10.2344
8.0110     16.8015     9.0616
9.7304     17.6934     8.9827
9.0084     15.3971     9.5483
12.8917     17.4707     11.2251
8.9706     9.3011     11.0383
12.2520     6.6036     8.9618
11.6705     4.5883     9.5723
10.7756     14.1286     9.1509
9.7169     12.3572     10.4452
9.2497     12.4173     9.6360
9.7099     9.3495     10.6164
7.2016     5.6069     10.6514
11.8260     3.2587     11.3179
11.2800     -2.0408     10.3449
9.8788     6.9078     7.6936
11.3881     7.0565     9.3297
10.8497     5.9559     8.4600
8.7035     8.7494     11.5134
14.0925     8.2959     10.5771
11.0972     19.7909     10.9287
9.9196     10.9384     9.3326
9.9318     5.0909     9.4497
13.6223     10.0082     9.4532
12.1804     10.7264     8.3253
10.4249     12.5403     11.6706
9.2530     7.0308     9.2920
9.6878     3.1458     10.5556
11.7401     10.2023     9.4982
11.4984     18.3591     9.4595
4.4426     8.4980     9.3474
10.8527     7.0056     9.2207
8.6630     7.0968     10.0008
8.5962     9.8621     9.4341
7.7063     17.1815     8.2893
9.8648     5.0876     10.3480
11.6809     12.9669     10.2294
10.3065     8.6567     10.2517
11.4658     9.7628     10.6096
7.4523     2.0940     8.2562
7.5525     10.8877     10.6289
4.4620     14.1345     10.9166
8.5352     10.4865     9.5581
16.2064     -0.1458     10.8426
6.7525     3.9332     11.3240
10.0014     12.1608     9.4418
9.5231     6.4859     8.1462
9.1272     4.8682     9.3594
12.5140     15.4387     9.2807
11.4448     9.1097     11.5010
5.9381     15.4508     8.9233
12.8484     7.1350     10.1961
7.1710     1.2222     10.0292
7.4512     12.3523     10.6414
8.9581     0.7340     10.6843
12.4731     2.6640     9.9292
8.2097     1.2187     10.1450
11.5060     11.7364     10.6098
9.3791     19.4589     10.0060
8.9132     12.2447     11.3680
6.8974     6.6640     9.8085
6.8597     3.1787     10.2748
11.9990     6.6886     11.5657
14.0742     9.5205     7.9053
13.4774     16.3294     10.2652
8.1611     20.4098     9.9119
11.9782     15.6261     9.7351
7.9952     9.7628     10.3579
6.8725     13.3617     10.6276
8.2814     17.8815     8.9916
11.6503     11.1096     9.6542
9.1432     11.3168     9.9165
8.1366     16.4667     9.9151
10.9465     7.3140     9.4347
12.1953     16.4586     10.8405
11.9958     11.0724     10.2461
10.8809     18.5229     9.9405
8.4539     9.3319     11.2502
9.4495     2.3041     10.9711
11.1049     9.5845     11.2222
14.8833     7.0311     10.9044
15.0407     12.3865     9.4020
11.4244     19.2029     10.8327
6.9570     1.3793     10.2026
5.5757     5.9349     8.3675
12.8441     12.9767     10.0897
14.0660     17.2367     10.2239
12.5851     7.7528     11.7331
11.9167     8.5953     11.1855
8.1091     11.2413     10.8896
17.2503     10.7206     10.6402
11.4876     6.4370     8.6371
13.2452     10.6699     9.2618
9.0453     12.3682     9.3779
8.8076     7.9838     10.6459
14.4675     18.1535     11.0636
8.5595     9.5346     11.7439
17.8420     19.6945     9.3409
13.4341     11.2776     9.9280
10.8509     11.2379     11.1792
16.6023     15.4319     10.5397
6.6913     17.2171     9.5456
15.9975     16.1496     10.8000
10.4929     7.8325     12.5310
12.7080     11.1203     10.0241
9.7039     9.0416     11.3555
6.3460     4.1556     10.3276
11.4088     15.5118     9.6778
16.4578     6.5840     9.2010
10.5576     13.1418     11.2302
10.6972     15.7335     9.1014
10.7222     -0.6404     10.1183
10.0617     2.1766     10.8637
6.1146     10.0166     9.6313
10.6833     12.7254     12.2202
14.3445     17.5961     10.8736
13.4599     14.3597     9.1890
12.9544     3.8664     9.4635
10.2467     9.4471     11.9584
9.4678     18.2499     10.8353
10.0890     -2.1935     8.9528
10.2611     -0.2532     8.0425
8.8578     14.1574     11.1689
11.7949     6.8143     9.3802
7.1890     12.2496     8.8320
15.8438     15.6138     10.0930
8.3326     11.1687     9.9837
9.8625     17.1269     9.4697
10.7310     8.2943     10.3399
9.7495     9.2524     8.9710
7.6215     13.7538     10.4482
7.4398     14.4454     9.9524
15.2883     8.2665     8.9692
15.4941     14.5613     8.7704
11.1305     14.0050     8.8378
15.6491     10.7329     10.9687
4.4106     4.4382     10.0037
8.7983     7.6014     12.7390
15.0451     15.6866     9.5195
13.9303     11.2825     9.8946
3.6109     9.5880     10.3654
10.5855     20.4493     8.9482
9.2643     12.0533     8.8004
4.3069     15.7014     9.2092
10.0171     18.2238     8.1149
13.4733     14.2433     9.7464
5.0491     16.4694     11.4817
13.4981     13.6954     11.4367
3.8591     11.5527     7.8422
2.9743     15.9940     11.1579
11.0610     7.5228     9.9490
6.6447     8.6481     11.1053
5.9876     24.1538     12.7786
8.8058     6.3337     10.3543
16.8552     13.8432     9.9784
14.6300     6.5327     10.1912
12.6234     14.5851     9.3526
9.0396     16.9032     9.7217
10.4346     10.2806     11.4546
12.8419     14.9476     9.2827
8.5408     5.7860     10.5555
11.8483     13.3139     10.2658
6.7204     15.6630     10.1095
8.8004     17.8381     8.9230
11.5707     -0.7157     12.2349
15.9232     13.2214     10.5832
13.6650     13.5186     11.1806
12.4516     8.2813     8.0037
7.7534     13.2125     10.2338
11.1938     23.0985     9.4460
7.1326     4.9848     6.4148
11.9813     10.6417     9.3509
13.4414     1.7419     8.4599
9.2944     13.7846     9.2747
13.0686     20.0183     10.1254
7.3331     8.3695     9.1541
10.7126     16.2128     9.5612
6.5784     16.2905     10.2062
5.4545     5.7781     12.4291
9.6298     15.6056     9.0332
12.8192     15.9658     10.7365
9.6748     13.1460     9.5854
11.2133     6.7097     8.4582
8.6851     15.6374     11.0904
6.3374     5.1672     10.2275
6.3874     9.4095     9.6955
11.2561     17.0265     10.7974
2.7532     12.5952     9.1866
13.4023     4.8977     10.1711
12.8857     6.3598     10.0000
11.1232     6.3335     10.4132
11.4901     8.9341     11.2489
11.5697     13.4939     9.4544
14.1225     11.8835     7.8784
12.3261     5.8902     10.7258
6.0912     7.5776     8.9133
11.7463     0.4321     9.7305
11.4830     9.3296     10.1740
13.6713     8.1934     11.8473
7.2441     11.2815     9.8202
13.2450     7.6302     9.8736
8.8500     8.4693     12.5040
13.8560     7.5129     9.9099
11.8595     9.8289     9.3547
6.3166     8.4848     10.0711
16.3577     15.1163     9.8216
9.4423     19.1148     9.4846
12.1664     4.0279     8.9012
5.9358     0.9046     10.1653
12.1613     9.7936     8.1385
9.2927     2.7730     10.4541
12.3846     2.6300     9.6236
10.0458     7.0948     8.1666
10.9122     21.6774     11.6177
4.4979     4.5116     8.5242
9.2166     8.2419     9.5298
8.8488     0.1854     10.2544
12.9761     14.1173     9.8235
9.2134     19.0863     10.3004
12.6790     4.9215     9.8445
13.2349     13.9800     10.6486
9.4905     8.3493     9.3056
10.4870     8.6959     9.1692
7.8835     11.7614     10.9174
10.9996     1.1775     9.9851
7.7153     7.2112     10.6531
5.0164     16.8963     9.0229
7.4381     13.8022     9.5635
9.4636     2.3811     10.9010
15.3422     7.8812     9.3929
13.1091     6.1544     10.4580
7.7426     15.8789     10.6579
10.2156     9.7223     9.3407
15.5452     6.9952     10.7249
10.4041     20.9564     8.8662
10.7424     5.6940     8.0441
11.2854     14.2309     11.1146
5.2010     2.4889     10.5532
7.0052     7.9482     8.5870
14.0497     19.6537     12.3246
14.3948     12.9758     10.2787
12.3365     12.0129     10.9558
10.8407     14.7907     10.3143
11.8535     13.0396     11.1711
7.0510     18.4041     10.3481
8.1346     11.4890     9.0361
7.7482     15.7782     9.3094
11.1976     11.4796     10.2379
11.8029     13.9386     9.2234
6.0832     6.7745     9.7993