2.5039     9.2433     8.1597     4.3598
4.9046     11.7950     11.1446     6.7967
2.0704     7.6044     6.2422     6.5727
11.3183     11.8095     8.5979     5.7640
2.6919     7.2079     11.2759     6.5901
7.3298     10.2982     13.2231     8.3341
10.5596     11.2208     12.9264     3.8790
5.4844     11.1720     5.2929     5.8310
0.5255     12.9310     12.1735     5.9062
2.3977     13.3509     13.5265     3.8188
12.9030     10.9267     10.5155     4.9754
2.8791     10.1142     11.4427     4.6772
8.1206     8.0254     10.6265     4.4726
5.6083     8.8050     4.2919     6.0461
2.7818     7.5311     7.4974     9.9132
-0.0020     12.5840     3.8002     1.8142
2.0361     9.8769     8.0774     6.5057
1.8649     10.1379     7.8606     6.8426
1.2592     9.6726     16.6579     6.5976
7.9946     10.5319     7.6723     4.6613
-1.5182     10.9251     10.1118     3.1164
4.0941     7.6925     9.9787     3.5729
4.6472     6.2738     15.3565     3.2822
2.7114     7.7887     7.6271     4.4685
7.3785     9.3951     5.5711     3.3190
11.5560     10.3895     8.3338     5.4591
4.4512     12.7698     9.2283     1.3145
4.8882     9.6698     6.8820     5.7629
1.8686     10.9526     6.0965     3.3470
7.7908     8.2068     4.2201     7.0569
4.6419     9.7194     7.7457     2.0221
5.3461     10.3965     12.7019     4.9347
-1.9975     12.1744     11.1502     6.0056
8.1582     11.1588     9.9407     5.2644
1.9677     14.3673     9.8629     3.8046
8.6320     9.7958     6.0565     3.9027
4.6395     6.8332     6.2267     3.7930
0.4531     7.5728     8.1751     3.3155
3.4931     10.6197     11.9355     4.2631
4.9271     9.8613     9.1470     2.8106
6.2902     13.5328     10.7255     5.1984
4.3693     7.9022     7.4223     4.4509
7.0733     11.9034     10.4225     7.3938
7.2842     8.3640     5.3998     7.3505
8.7270     10.0356     9.6592     6.2073
7.2726     7.8455     12.2557     4.6690
3.9602     8.0712     13.7798     6.3299
5.3277     7.7559     13.5819     6.1339
3.8927     10.2647     11.1215     3.1109
8.1560     10.6874     11.0519     2.5574
10.0408     13.6412     10.6150     6.7419
8.8586     8.8426     9.6495     5.7596
2.5090     10.3572     7.5328     2.2853
1.8111     7.2093     15.6173     6.3025
2.8205     5.4741     11.7701     5.1959
2.5788     13.2631     11.1399     3.6810
4.5690     9.1567     11.3839     5.6449
8.2407     10.1625     14.8882     3.6166
6.9717     8.5833     6.9908     6.8207
-1.1436     9.3169     5.2467     4.2744
8.5349     10.5734     10.4099     6.3322
8.4138     9.0926     7.2837     6.3493
7.4460     9.5675     13.6918     6.0563
-2.2021     9.4800     9.3686     6.6646
0.2843     11.9983     11.6592     3.7782
6.1266     11.4750     6.8752     5.8435
4.1495     11.8577     10.2015     2.6182
9.0725     8.4725     5.1426     5.3019
2.3556     11.8752     12.9919     5.7480
2.2528     11.9804     10.9886     4.5865
2.2943     13.5485     11.6775     6.6649
4.8042     6.1512     8.5522     4.2571
1.1206     9.6151     13.8697     4.6108
9.6580     12.1030     6.8855     2.9593
4.3162     8.4546     10.5274     5.6454
4.0111     10.9870     3.3239     3.8522
1.9842     8.5247     10.3265     7.3597
7.5301     8.0923     9.3635     7.3358
7.6835     10.3538     6.7412     5.0311
1.9870     9.8327     13.2248     8.0186
2.7317     8.7668     10.3894     5.4165
11.2640     12.2455     12.0451     3.6406
5.7578     8.6983     12.6268     3.7680
2.5060     10.9578     13.8326     7.1536
5.6089     10.9093     8.2765     5.1527
11.4561     9.7116     10.2944     4.3099
3.9200     9.9148     12.1482     5.0871
5.9588     9.6069     15.1304     4.1281
8.3199     9.4395     6.1776     7.1113
5.2239     9.9015     11.1498     4.3656
-1.4888     7.3687     9.3057     4.4752
2.8163     8.3343     5.4289     4.3167
-1.2249     11.9766     12.7352     3.5381
4.9746     9.2782     13.6305     6.5619
7.0904     8.7838     12.7306     7.5056
4.6965     10.9222     13.9312     5.3071
2.6265     10.6482     6.6359     3.1561
8.2111     12.9281     9.4227     4.3705
11.0483     8.4264     7.1408     2.2154
3.4421     9.0528     7.9754     1.5943
7.5109     8.4870     5.1725     3.7161
5.9045     8.3158     7.8539     4.1786
2.6129     11.9529     7.2458     2.3877
3.0466     7.3995     9.1861     3.7231
2.7783     10.7765     8.9464     5.6176
7.0638     6.3243     10.3636     4.7303
0.7022     9.6768     10.2960     4.2473
3.1016     8.1835     10.6875     5.1123
-1.8263     8.0691     4.3037     5.8664
1.8539     11.8615     8.0593     6.6472
2.4499     9.5111     8.9212     3.9200
6.0100     10.6086     9.9945     4.6139
6.0368     13.4781     11.2193     6.0464
5.1810     8.2610     9.1471     4.2382
2.0475     12.5218     10.7634     4.9639
11.9046     6.0655     10.8456     4.5251
5.1082     11.8895     14.3527     5.0729
4.1984     10.8702     10.0839     3.9387
4.6013     10.1531     10.1070     3.6716
2.6044     8.7479     11.5170     4.6489
9.2635     12.3095     3.8411     4.1749
11.7065     9.3997     7.4436     3.2172
3.8982     7.0110     5.7700     2.9110
3.9752     7.9610     7.7420     9.3971
9.4415     8.2860     5.5751     2.9875
2.3523     11.3359     9.5826     5.1656
10.3651     7.4550     9.5451     6.0175
6.0941     7.7589     12.9359     4.6228
3.8135     10.2798     10.6993     6.5736
4.8474     7.9778     6.4906     4.8706
-0.1583     11.3339     8.7773     6.1975
3.3943     13.4147     11.9306     6.2658
6.1425     7.3065     14.2846     5.4708
8.4275     10.8020     9.2374     4.4469
-1.6502     9.1138     10.5421     8.1793
5.6263     9.4529     7.2281     5.0272
9.3828     14.1234     11.2261     5.9573
8.1441     10.7526     7.4327     4.6414
8.4010     6.9399     9.1967     5.0617
6.5463     12.5092     13.1165     3.3697
7.7725     7.9581     5.9866     1.8109
3.4945     10.3191     10.8163     5.8163
1.6316     11.3621     16.7719     3.3993
6.6495     8.9592     8.9248     6.3157
4.6611     13.4939     11.1074     7.4107
4.8005     10.3250     8.8336     4.7928
7.1046     9.8401     13.5950     4.5416
5.0175     10.0678     11.1038     4.3029
4.0206     12.1915     8.5700     6.6899
8.3337     8.4565     7.3682     2.9093
1.3851     8.5921     9.2853     5.7626
6.6767     8.2462     9.3542     4.3973
4.8472     7.7627     6.3787     3.6099
2.7300     8.3030     9.2095     5.1713
8.6104     11.3193     6.1636     5.7540
6.2457     9.6570     10.7359     5.4177
11.3310     10.1024     9.9053     4.9486
4.5545     13.3526     7.0209     4.6904
-0.7460     14.7093     7.2912     4.2320
3.4196     9.8427     12.1645     3.0579
3.6009     13.5644     12.2497     6.4688
5.0330     9.5635     4.9440     3.2501
6.5683     4.9343     15.6731     7.8825
1.7353     9.2216     10.5938     3.8449
1.2462     8.6836     10.9858     6.7022
4.5191     10.8698     9.4044     3.1367
2.4924     10.1360     8.5943     6.4996
2.3943     10.6308     7.7210     1.6828
0.3554     11.3282     9.7733     2.2112
2.7536     10.8004     13.7994     2.3885
9.0861     10.9783     5.4386     7.3476
9.0965     6.5024     13.0714     4.3048
10.1583     6.1029     13.9899     5.9451
7.2607     12.0683     12.1811     8.6764
2.7959     11.0650     9.6549     4.5367
1.6291     8.4702     17.7808     8.2961
5.3810     10.5403     7.3675     5.2781
7.7648     13.2418     9.5402     5.4724
5.0401     10.2948     10.6897     5.0838
11.4450     9.2945     5.1123     2.2571
5.1509     10.6033     11.0154     4.9656
8.7319     10.2932     13.5357     4.5132
11.0321     11.0426     13.3384     3.6926
8.3384     12.6456     11.3528     6.6421
4.2791     9.9637     5.3848     7.9881
2.8217     12.4510     5.0862     5.5538
6.7434     11.1267     9.2539     6.5129
3.9300     8.6312     7.8078     4.7447
5.3166     10.7632     7.9816     4.0006
6.9781     9.6741     8.7549     9.0743
5.5146     6.0675     9.8444     6.0570
2.1543     9.4978     7.9354     4.7977
-2.8827     8.1979     8.8782     4.8421
9.3023     10.8335     1.7731     4.3369
0.4708     10.3799     16.6834     3.9162
0.5775     11.0807     12.7429     5.1680
5.2762     10.2947     8.8477     6.4890
7.5172     11.0358     10.8116     2.7704
4.2020     10.0851     13.1358     6.0798
7.8451     10.0167     5.8905     4.9604
4.9643     8.8734     9.8146     7.3030
8.3686     5.9134     9.6757     4.4568
3.5877     12.5169     9.8421     3.8938
1.9698     11.8914     11.0334     4.4299
7.3489     10.6062     11.2489     6.1270
-0.2655     7.8644     4.7707     3.9650
1.4146     9.1844     7.3384     2.9967
6.0676     7.3574     15.2571     5.7867
7.4154     8.5615     15.9009     2.3562
5.4597     8.9604     9.7283     6.6584
5.1496     11.3747     11.1526     5.2504
6.3757     11.5493     13.6750     6.1966
3.6510     12.9453     5.1849     4.1276
10.4795     7.8782     13.6412     5.5194
6.1968     14.8001     8.6660     6.4173
4.3927     7.7165     4.2084     5.9598
5.4919     8.9234     10.3354     2.9772
-2.3368     9.5868     15.4853     4.7611
10.9152     10.2911     14.0674     3.6441
6.6270     11.7546     7.3275     5.9602
10.9577     9.5796     10.2933     4.1574
5.7134     10.7971     8.2964     6.2797
2.4944     8.8904     12.0926     4.0630
-3.7374     10.7084     12.9003     3.8394
3.1188     10.2765     3.4036     3.2112
6.8482     12.1765     12.4914     3.1687
3.0528     6.5668     8.6019     3.8569
3.7171     8.5799     10.1374     2.4802
3.5109     11.9540     8.1361     4.7179
4.6614     8.3562     8.0807     6.0783
2.5883     9.4115     10.7514     6.9257
2.8154     11.2936     8.5784     5.8228
1.1267     13.0352     8.8853     6.5880
7.2338     11.0617     11.3969     4.5486
2.5275     8.7943     10.5138     2.2296
6.2864     9.8456     8.1524     5.0122
6.2990     11.4791     10.2276     2.1648
5.7224     12.6157     11.8804     8.3339
4.2607     11.3730     10.8971     4.7300
10.9837     10.6394     12.6238     5.8999
-0.2797     8.1949     11.3999     5.9663
6.4330     10.4425     7.7630     3.7036
9.2069     10.7180     17.0159     3.5116
7.7777     14.1475     7.6069     6.5923
1.9882     10.6723     12.1296     3.3580
5.5856     9.6932     10.1154     4.5979
7.1522     8.3509     7.6689     6.0158
1.3497     10.3039     4.2324     5.9860
7.8380     12.2964     7.8938     7.0247
5.2781     11.3090     14.8509     7.4149
7.2265     12.2034     10.4703     4.4616
9.6871     9.1324     10.1049     6.2816
6.1768     10.8231     10.2467     4.9559
4.8473     7.1029     8.4549     4.4679
5.3420     12.2609     9.6027     7.8625
5.2432     12.4868     5.8304     3.6886
10.6529     9.5592     9.4931     3.7925
9.1680     13.9020     7.8066     4.9671
4.1954     15.0702     13.8549     5.3223
2.1683     8.0001     11.8281     9.9203
7.4324     12.8403     10.4446     5.1024
8.7660     10.7816     11.4748     5.8586
3.1252     8.4182     17.0062     4.6127
1.8718     6.6807     9.8129     4.7895
6.9050     6.2216     12.4025     3.6413
9.3594     10.8356     9.0028     3.3358
6.4770     9.5237     8.0844     8.9538
6.4508     8.1307     12.5634     2.5209
11.0218     9.0357     11.5214     4.6239
9.5127     10.4824     6.9323     5.9731
6.6399     6.1114     7.1915     5.1488
8.6163     10.1504     6.1037     6.4698
2.0959     11.5775     16.3570     2.8534
2.2758     11.4580     10.2683     5.5036
7.7615     11.7064     10.3189     7.5137
6.2689     8.1179     5.6741     5.0443
4.0961     10.3084     14.4984     7.6082
2.6817     12.5977     5.5472     3.5790
9.2150     9.6169     15.5540     3.1599
6.4518     12.7989     7.7874     5.5917
0.3379     10.3375     12.8806     6.5111
7.6932     11.8905     12.5011     3.7194
2.7146     8.4531     8.2654     1.9747
3.4817     6.0526     8.1591     6.9170
9.6199     8.4180     9.3306     6.0330
8.7444     7.9461     11.5562     3.7058
2.6498     12.1160     16.0730     2.0712
5.0404     12.3035     10.3583     3.3386
11.6370     7.3457     8.3428     3.3649
4.8169     13.5196     6.3801     4.9733
5.6890     5.6766     11.2123     7.8251
7.8303     10.9138     10.0482     5.6883
3.8365     10.7912     9.2861     2.4412
5.8560     9.9943     7.4135     4.8117
2.2293     7.3654     9.6637     4.6420
3.5717     7.8046     6.3577     4.8861
3.2483     12.6168     9.6653     4.2914
3.6529     12.1672     8.6997     5.5293
8.6490     12.3444     9.9145     6.1027
4.6802     7.9799     8.3743     4.0498