13.2914
10.4065
6.4654
12.5476
7.7041
7.9192
7.9082
11.3781
10.4478
7.7716
8.9877
10.0607
14.0558
12.0712
10.3342
11.7018
15.9209
7.7288
8.5909
11.9869
12.4712
8.6945
7.4860
12.0201
10.0590
12.1774
7.3818
12.5697
6.9927
9.8198
9.0519
11.6988
10.5100
9.9528
10.5904
8.9993
8.1864
8.6397
5.7293
11.2371
10.1576
13.8421
9.1376
15.4446
8.7087
5.9092
6.0848
7.4005
10.9588
12.1862
12.2678
9.1686
9.2019
9.8265
14.7163
14.0809
15.5527
10.8004
5.9839
6.9669
8.5169
7.0097
12.3452
13.1166
9.2511
5.9782
12.5758
14.2347
11.2994
7.2628
9.0911
13.9152
9.8733
9.9910
9.6582
14.4768
11.8183
9.3099
4.3644
8.2321
9.3366
6.8818
10.5800
9.7052
8.9441
15.6718
9.9637
14.1950
15.5168
12.9447
11.1310
7.8801
16.9798
11.4787
14.8540
15.1134
9.5615
8.1786
3.6367
13.8746
10.1170
10.1590
13.8826
6.6836
10.6462
10.1266
13.1283
9.3632
8.1305
17.7485
6.9995
8.0416
10.2879
9.4344
5.4941
10.1939
14.4361
11.1365
11.8784
10.8986
12.2149
5.7189
8.1334
7.3390
9.9459
9.7180
12.5796
9.5735
3.5864
7.6591
11.4232
2.4421
7.1933
8.4817
11.0778
8.6573
7.6596
11.5313
6.2843
11.3431
9.0054
8.9856
10.3215
11.3066
9.6663
13.8120
12.9513
9.2815
10.6245
10.7064
12.3568
6.3284
13.6999
7.3827
10.7959
9.0919
8.9633
6.5773
10.3259
15.9491
11.5886
8.8947
10.1446
7.2287
8.0101
11.9838
13.0419
11.6361
3.7904
4.1286
1.9765
7.5868
11.6521
8.4148
9.9566
8.4364
13.3287
6.5030
11.8554
7.1164
5.1340
6.7860
3.6902
11.9981
6.0791
8.4016
10.4998
9.6376
9.2530
10.6052
10.7461
9.7574
8.6472
8.9752
9.9619
10.8502
10.8385
8.4284
3.4003
12.0319
13.5261
12.0022
10.5252
12.3699
7.5305
12.6395
10.5619
7.3903
11.7724
13.8510
13.0221
6.6795
8.6252
13.5112
5.3270
6.6084
9.2238
12.1138
8.4848
8.2713
11.1487
15.6118
11.2089
5.7971
15.4471
7.2131
12.8299
12.0423
8.8730
11.3910
13.7965
7.2939
14.6568
8.8812
5.8965
9.2728
4.2969
7.2105
10.7198
10.9954
7.7541
8.3154
10.1020
13.4150
10.9815
11.0687
12.3557
6.2602
5.3908
7.4265
7.7944
1.9418
9.2706
11.5032
11.1937
7.7668
14.8571
15.4608
16.4398
8.3686
13.0007
13.0060
9.9501
16.1916
10.6637
10.6521
5.8295
8.6296
10.7640
14.1731
10.8942
6.9304
12.8747
10.6496
8.7326
7.5017
9.6339
10.0584
8.5509
12.3106
10.7881
9.7812
17.6888
18.7188
7.5916
9.2077
12.3088
10.5553
13.0960
7.0464
11.4280
7.2463
11.4238
19.6928
5.1106
8.9858
9.7284
9.5048
8.7605
5.0973