1.3289     0.4068     0.8358     0.3646
2.6386     0.9483     0.2034     0.7428
0.7392     0.0805     1.0270     0.1664
0.0011     0.2392     0.8130     2.6400
0.0367     0.0470     1.0587     0.9484
0.0833     0.2567     1.2484     0.2644
0.0566     3.2909     0.9690     0.9228
2.3096     0.0021     0.9118     1.8898
0.0146     0.3819     3.0182     0.4313
0.6957     1.6090     0.1843     0.0925
4.2548     0.7955     1.2546     0.0088
0.5165     0.0870     0.7137     0.3595
1.0472     2.2499     1.9647     0.0763
2.4324     0.3050     0.5055     1.5166
1.7849     0.2737     0.1098     0.5899
0.6905     0.7167     1.6950     0.3863
0.1834     0.8760     0.0665     0.2824
0.1744     0.4456     0.8825     0.4420
2.9972     0.6437     1.2655     0.4559
0.4873     3.0571     0.7333     0.6672
1.1005     1.2844     2.3310     0.5574
0.1185     0.5058     2.5043     1.4053
3.7946     0.1893     0.2996     1.3952
0.0803     2.0260     0.5127     0.4344
0.8283     1.6562     2.3153     1.4557
0.8238     0.4576     3.6495     1.3882
2.1798     3.9604     0.2121     0.5589
0.1778     0.9730     0.2300     0.1263
0.0987     0.3313     1.5446     0.0580
0.3203     1.0179     0.7223     0.1016
0.6775     1.2914     0.9397     0.5835
0.2809     0.5930     0.0952     2.1723
0.9663     1.2551     4.3072     0.0006
0.2436     1.0712     4.2488     0.7978
1.0750     0.7995     0.2841     0.8800
0.0767     0.9061     4.0431     0.1165
0.6587     2.6362     1.2226     0.2477
1.4175     0.7815     1.2112     0.0925
0.0423     1.3824     1.6282     1.2771
0.3156     0.6225     1.8365     0.1965
0.4022     0.7444     0.1913     0.8375
0.7253     2.2755     0.4415     0.0452
0.0076     0.1217     0.2753     0.3321
2.4394     0.0267     1.8682     0.9828
0.1086     1.7511     1.3013     2.4381
1.0088     0.2887     0.1828     0.8615
0.7383     0.5629     1.2105     0.2742
3.7934     1.0358     0.5480     1.1501
1.4851     1.4210     0.7534     0.2821
1.4187     0.2072     1.1351     0.5792
0.2286     3.0817     0.8951     0.8086
2.9709     1.0054     2.7982     0.4890
0.9442     0.6410     0.4085     0.2499
1.5261     2.2903     5.3698     0.3719
0.5304     1.6214     1.5010     0.0584
4.4665     0.7386     1.7356     0.7208
0.6687     2.1828     1.8154     0.8178
0.7196     1.2986     0.7960     0.3602
0.1625     1.4494     1.0735     3.6149
0.2569     0.6854     0.7635     0.2986
6.2702     0.3818     0.2004     0.5660
0.1246     4.8582     2.5954     1.2296
0.4239     2.3783     0.4164     2.8542
1.7794     1.1322     1.0402     0.5557
0.4781     0.2793     0.2658     0.3386
1.3994     1.0404     2.0838     0.8482
0.4402     0.0889     1.0119     0.9536
0.0762     0.1006     2.1626     0.6117
0.7724     0.3965     1.7815     0.5607
0.8046     1.7452     3.6657     0.4404
0.1053     1.5343     0.3073     1.0645
1.2234     0.9750     1.1408     0.1418
0.4063     2.0119     1.1858     0.1010
0.5132     1.2830     0.7200     0.2467
0.6453     0.7808     1.0603     0.1410
2.6349     0.3309     1.5964     0.6449
1.3647     0.8760     0.4532     0.2481
0.5862     0.0933     2.3231     1.4847
1.6858     0.8835     0.1848     0.8188
0.7900     1.0685     0.2216     1.8486
3.3381     0.3463     0.4072     0.1339
0.3908     1.8494     0.0782     0.8190
3.1505     0.6511     0.8892     0.2262
0.6250     2.0876     0.3309     0.3565
0.1867     2.8446     0.9510     0.7691
0.6495     0.3112     0.0889     0.0414
0.0009     1.2153     0.4318     0.4355
0.5427     0.5328     0.2934     0.6775
0.9239     1.7915     0.7601     0.9661
0.6600     0.0076     0.9971     0.4210
0.1831     0.8810     0.5647     0.5097
4.6943     1.5237     1.0660     1.8852
0.5309     0.0394     1.4690     0.1508
2.6024     1.7142     1.3518     0.1263
0.6214     0.0847     3.4474     0.1122
2.6055     0.4180     0.4035     0.0486
2.0714     0.3976     0.2032     0.7119
0.4906     2.3632     0.9157     1.1698
1.8022     4.4199     0.2280     0.0897
1.3494     0.5086     1.4954     0.2210
2.4633     4.2427     0.9146     1.1193
1.5767     1.3967     0.2630     0.7190
2.6210     0.9669     0.4127     0.2502
0.5816     2.0720     0.3439     0.2116
0.0336     0.8438     2.6665     0.8890
0.0377     2.6350     0.3189     0.7138
0.1324     1.4191     0.7878     0.9636
5.3820     0.0506     1.5280     0.6454
1.2004     0.2053     0.4615     0.9978
1.6198     0.0251     0.0716     0.5518
0.0724     0.0462     0.0070     1.5295
3.0661     0.5991     2.7575     0.7430
3.1160     0.1597     0.9379     0.7131
0.1966     1.3910     1.8515     0.9060
1.8298     2.1146     0.5910     0.0114
1.3822     0.3887     0.0922     0.0155
0.3130     0.6137     0.0386     0.6015
0.1572     1.2688     0.1395     0.1583
3.2804     0.0229     0.5099     0.6340
0.1758     0.5217     0.4470     0.0231
2.1746     0.1294     0.3240     0.5394
0.5440     0.0561     1.2713     0.3007
0.0074     0.1031     0.2399     0.1793
0.0879     1.0780     1.4193     0.0308
0.4882     2.4610     0.9076     0.0101
0.6158     0.5440     1.0286     0.1598
0.3011     0.1893     1.4185     1.3204
2.3070     1.0850     0.0418     0.1594
2.3275     3.0196     0.5408     1.1943
0.2251     1.1603     0.8777     0.1378
0.9293     0.7241     0.8198     0.0271
0.8091     0.7809     1.3927     0.1001
0.0665     0.3232     1.5414     0.0621
0.8556     0.6994     0.3717     0.9455
0.3651     1.0028     2.2207     0.2091
0.8572     0.0107     0.1821     0.8521
0.0581     4.0424     0.9237     0.0019
0.0136     1.2098     0.6493     0.4406
3.3381     0.7899     5.4615     0.2979
0.3127     5.1603     0.1536     1.4220
0.9017     1.8851     4.4326     0.2320
0.5298     0.5096     0.2758     0.1754
0.7413     1.7275     1.6617     0.9398
0.7054     2.3341     4.1967     0.0802
1.7060     0.0078     1.5800     0.5877
1.2541     0.2654     0.2559     0.6894
1.5366     0.3190     1.7430     0.0326
1.0665     0.2772     0.7981     0.0045
0.5474     1.3005     0.7734     0.8478
1.1428     2.2386     0.6783     0.1038
0.4057     8.3280     2.0821     0.1292
3.5210     1.5829     2.1185     0.1284
2.3825     1.3426     0.6724     0.0578
1.9883     1.7102     0.3962     0.0103
1.7785     1.5477     0.0741     0.0286
0.8071     0.7142     2.7093     0.2011
0.5978     0.1192     1.0444     0.2537
1.9262     0.5834     0.2263     0.3092
2.6356     0.4803     2.2914     0.4897
0.2076     1.0666     0.5688     1.7966
0.3957     3.5379     2.1328     0.0023
0.4581     2.2715     1.7750     0.0304
0.9131     2.6140     2.2191     0.0742
0.0970     0.5373     0.4184     0.0408
0.3487     2.2699     0.6401     0.1538
1.6401     2.0130     0.6073     0.8128
0.2492     0.0308     0.6816     0.7534
1.6357     0.6491     3.2676     0.4208
0.5841     3.0692     0.1670     2.0717
0.5382     0.3869     2.0199     0.9007
1.2014     0.2911     1.2233     0.0824
0.0983     2.0738     0.4316     2.2697
0.2669     0.8240     0.5725     0.0366
0.4381     0.5960     0.9339     0.8464
1.1697     2.2368     4.7659     0.9523
0.5706     1.9237     0.9165     0.5373
0.9119     0.5573     2.6319     1.0761
0.1792     0.8701     0.4984     0.3936
0.1594     2.4225     0.2224     1.7494
2.8988     1.1124     3.7681     2.5791
2.6470     4.0979     1.8951     0.4670
0.7059     0.1695     1.3413     1.9946
0.5227     0.9623     0.5267     4.2044
0.1505     0.3110     1.7367     0.0638
1.3120     0.9421     0.5701     1.3791
2.3633     0.6905     0.0804     1.6577
0.4715     0.5246     0.7485     1.0279
1.3824     2.5759     0.3780     0.6556
0.3383     0.1016     0.9994     0.7579
0.9805     0.7661     2.8112     0.3211
0.2027     0.3342     2.7917     0.1350
0.8818     0.4617     0.8833     0.3106
3.8144     3.8784     0.1187     0.1976
3.5486     0.5987     2.3742     0.8585
0.0959     2.1644     0.7225     0.2525
4.5969     1.0642     0.9393     1.4254
0.6595     0.1199     3.3815     0.8996
0.2320     0.1980     0.1833     0.1963
1.8467     0.1675     0.3497     0.7752
0.8877     1.5826     0.7703     0.1029
1.0391     0.4860     0.4367     0.0888
1.4822     0.9839     0.4735     2.1474
1.8642     3.0270     0.3794     0.0414
0.8539     0.7812     0.9379     1.4835
1.7614     0.5915     0.5180     0.4753
4.3348     1.1270     0.1653     0.1288
2.5719     2.5253     0.9309     0.0249
0.3914     4.4045     0.6130     0.4439
0.5542     0.6488     1.0169     0.1080
0.1685     1.1427     2.0922     0.2008
1.8909     0.0909     0.0363     0.6020
0.6353     0.1662     0.8108     0.4712
2.9289     0.1876     0.2918     0.1125
0.0338     0.6730     2.0195     0.5286
1.0083     0.8588     0.2763     0.0350
1.4579     0.0555     0.4485     0.4825
1.9075     0.0836     0.7296     2.2384
0.2761     1.6042     1.5091     0.0981
0.8202     1.0319     0.2520     0.1413
1.0560     1.4610     2.1783     0.6707
2.6546     0.2678     3.5834     1.8824
0.7898     0.5166     6.6137     0.2476
0.7086     3.0316     0.7449     0.5255
2.0248     1.8995     0.6224     1.4068
1.8230     0.4641     0.3143     0.7979
0.5150     2.8240     3.2977     0.6574
3.0200     4.0804     0.6817     0.0365
1.3106     0.6881     2.3629     0.3416
0.4308     2.0294     2.9980     0.0232
0.6123     0.6478     0.6468     3.3136
0.4090     3.0718     0.1838     0.5982
4.4383     0.1594     1.9196     0.0561
1.4615     0.6826     1.3223     0.5446
0.3946     0.8967     3.2749     0.1913
2.9788     0.3330     0.2397     0.0786
2.6321     0.1313     0.0899     0.0899
1.0638     1.1149     0.8515     0.3223
0.1110     0.8618     2.9081     0.0551
0.3047     2.1561     0.4631     0.2866
2.7667     0.1652     0.1409     0.6270
0.6428     0.1768     2.1120     0.4555
0.2313     0.4638     2.1639     0.2170
2.3905     0.5787     1.3422     0.3168
1.8054     0.2688     0.8010     0.0774
0.4466     0.8618     0.3282     0.6981
1.2240     0.2445     0.2096     0.7695
0.8319     1.2548     0.4096     0.3954
0.6509     2.2622     2.5441     1.4270
0.4957     2.6856     0.0284     1.6229
0.1439     1.1800     3.9251     0.2607
4.0211     1.1245     0.8015     1.3679
1.0116     2.7301     0.9994     0.1753
1.0315     2.1558     5.1968     0.1523
1.4817     2.1567     0.9776     0.5281
1.8552     1.8090     0.3784     1.8908
0.1955     3.5321     1.3526     0.0004
1.1765     0.1730     1.9141     0.3966
2.3101     2.5695     1.5856     0.1769
0.1872     0.1540     1.8900     0.0655
0.9315     2.7643     0.1961     0.3001
0.6257     0.4444     0.2754     0.1440
1.9389     0.1165     0.6544     0.2667
0.1264     0.5216     1.0665     1.1594
4.0386     0.3357     0.2075     0.2558
0.5075     1.5554     2.2555     1.1356
2.6778     1.0029     1.4834     0.2342
0.6623     0.7973     0.0343     0.0545
0.1005     0.0889     0.1550     0.5972
0.4091     0.3875     0.2859     0.7203
1.4743     1.4581     1.1493     0.1793
0.3700     0.0726     0.6476     0.0729
0.2593     3.1803     3.1146     1.1594
2.0234     0.4396     0.3304     0.8393
2.8560     0.4240     0.1672     0.9743
2.7938     0.6400     0.3629     4.1255
1.3165     2.7418     2.1023     0.2016
1.5371     2.5935     1.1466     0.8607
0.4322     0.7818     0.5417     1.8439
2.3932     1.1209     0.1783     0.3861
1.5449     1.5086     0.0749     0.2693
2.6279     2.5500     0.8707     1.0257
0.6891     0.6112     1.4106     0.8091
0.5214     0.4507     3.3794     0.2689
0.7496     1.3956     0.5651     1.1268
2.0051     0.5716     1.4240     1.2179
1.4391     1.9771     0.7269     1.1182
2.4390     1.1448     0.3156     0.2837
2.3010     1.4643     1.3323     0.4495
0.6181     0.4474     2.4639     0.6899
2.6608     1.2348     0.9309     0.0706
0.3763     0.3583     0.6633     0.6131
4.9847     1.3794     1.8317     0.4185
5.5513     0.6904     3.3917     0.0656
1.1559     0.4339     1.4860     0.4686
1.7688     0.3541     1.3923     2.0893
0.0269     0.1942     0.0257     0.6066
1.1419     4.1166     0.8539     2.6749
3.0437     0.5903     1.7544     0.3031
1.0598     1.0282     2.6020     0.7237
0.6328     3.2967     2.1574     0.7269
1.8602     1.0446     1.1745     0.5993
0.2294     2.2942     1.9413     1.0080
0.3571     0.4861     0.0292     0.2823
0.4774     6.1567     1.8003     0.1779
1.6150     0.6808     2.8900     0.8184
0.0356     0.0176     0.0806     0.0540
2.3555     3.6166     2.8854     0.5531
1.3693     0.0058     2.2020     0.3258
0.9430     1.2081     0.5082     1.4648
3.2608     3.0152     0.5489     0.8211
0.8859     2.9907     3.6344     0.3647
1.7126     0.2667     1.4049     0.8186
0.9795     0.2402     0.4278     0.1241
1.0394     1.4113     1.9242     0.0547
0.1401     0.2742     1.0332     2.2940
0.9721     0.7547     0.1942     0.1821
0.5868     0.3538     2.0194     0.4357
0.3219     0.3109     0.6852     0.1133
0.0169     1.1863     0.5749     0.3157
0.6421     2.7048     0.6828     0.2411
0.0430     0.8155     0.0702     0.3854
3.9213     0.4609     0.3265     1.3361
0.2250     0.7844     0.1361     0.0943
0.5388     0.2086     0.9316     0.3026
0.1480     0.9641     0.9100     0.3092
2.7975     1.4585     0.1941     0.5882
3.4458     0.5620     0.2584     0.8082
0.6430     0.5904     0.0580     0.2983
0.1345     0.2897     0.4446     0.6881
0.4828     0.0334     0.4818     0.2376
1.0418     0.1018     0.2255     0.4024
1.1337     0.7231     0.4305     0.1252
0.3172     1.3679     1.1851     0.7989
0.3025     1.5350     2.4541     0.1262
0.1187     1.7868     0.9184     0.9525
1.2865     3.1575     0.4302     0.1055
0.5498     1.9469     0.7040     0.3165
0.5403     2.0052     1.0150     0.6671
0.0697     3.2697     1.1000     0.5733
0.5702     0.0517     0.4414     1.3396
3.4465     1.1478     1.5693     0.3540
0.3604     1.6101     0.7609     0.1741
0.7393     0.0122     0.9806     1.7411
0.5683     0.4791     1.6364     0.5352
3.7083     0.3008     2.0924     0.1222
0.9455     0.7140     0.4228     1.1952
1.2319     0.6884     1.7485     0.0450
1.0209     2.3004     1.6069     1.0961
0.5153     2.8026     2.7056     0.0180
0.7307     0.1912     0.0583     2.0391
0.2911     0.6194     2.5755     0.2283
0.9687     0.5095     1.5280     0.6084
0.8230     0.1097     0.8236     4.8626
1.3145     2.7392     0.4339     0.1842
0.1819     0.0143     0.9448     0.6655
3.1128     0.7397     1.3955     0.7276
1.0460     0.9011     1.1901     0.3755
0.9869     0.9288     3.9448     0.4227
0.7466     0.4628     0.9081     1.6576
0.0702     3.1249     0.1176     0.9389
4.6518     1.6962     3.3583     1.6261
1.2947     2.5535     1.4396     0.4907
0.7701     0.3461     1.6523     1.7979
2.7106     1.0385     1.0957     0.3354
0.0778     1.7548     2.6937     0.9501
2.5209     0.1598     0.0495     0.1532
0.4828     2.9236     0.6199     0.7520
1.6271     0.3411     2.3835     0.0490
2.7904     0.7638     3.6553     0.7087
1.6711     1.8955     0.1389     1.8203
0.3414     0.6657     0.2450     1.7578
0.3854     0.2751     0.7624     0.0212
2.4889     0.2799     0.4317     0.2685
2.1222     1.4840     0.3965     0.5506
2.0398     0.2989     0.6290     0.6628
0.1608     0.9728     0.7165     0.0816
0.3334     1.3805     0.8942     0.3354
2.8701     3.6226     0.3805     1.7481
0.2265     1.8378     0.4230     1.0761
1.4706     1.3168     2.7363     0.2163
0.0034     1.7723     0.3339     0.6915
1.8778     1.4229     1.5044     1.5894
0.0628     3.0218     0.0643     2.6872
0.2335     2.0192     4.0513     0.8906
1.4740     0.4472     1.8774     0.4740
1.2184     0.2318     1.7523     0.0146
2.3300     0.3948     0.3773     0.3828
3.1706     0.5389     3.1855     1.7124
3.1901     1.6991     0.2119     0.3889
0.4061     1.2360     1.3804     1.4081
0.3640     1.1494     1.4992     0.6015
1.2541     0.2886     0.3080     0.6655
2.5361     0.1802     0.1203     0.3560
0.0036     1.1603     0.3056     0.0192
0.2994     3.0089     2.0598     0.4262
3.3206     0.7937     1.5528     0.0490
4.9017     0.0519     2.4522     1.1631
0.8277     5.5983     0.5943     3.7805
0.1548     1.4009     0.3946     0.0416
0.5214     0.7200     0.8587     0.8509
0.9996     0.3460     0.1156     0.4335
0.1824     3.2362     1.9362     0.5575
0.9183     1.1724     0.7278     1.5396
2.2002     0.5985     6.2724     0.1229
0.0145     0.4775     2.6434     0.3984
0.0072     0.2620     1.7317     0.5994
2.4382     1.6155     1.1737     0.2840
0.3907     1.8584     0.2952     0.2857
0.0723     0.8321     2.3086     2.8469
2.1885     2.1191     2.5640     1.5271
2.6119     1.3690     0.5141     0.1846
1.0906     2.8947     0.5895     1.3168
3.7294     0.4517     3.1157     0.9742
0.0073     0.0410     1.1483     0.0364
1.9276     0.9738     0.5526     3.2097
0.6692     9.5130     0.5227     0.2227
1.2660     0.1048     0.1138     0.1217
1.1786     1.9032     0.3236     0.0529
0.5510     1.8407     1.7414     0.2148
1.0070     0.5788     0.7193     0.7080
0.8943     0.1771     0.5192     0.2777
1.2498     0.6493     0.1858     0.3044
0.7291     1.2798     0.6638     1.3643
0.8567     0.1772     1.5012     0.5206
3.6061     0.2978     0.8510     0.2258
0.1162     0.3670     0.5725     0.3398
1.3978     1.0880     0.0070     0.2721
2.3410     0.9329     1.2737     0.3250
3.6543     1.7167     1.6812     0.1571
1.7627     0.4471     1.7752     3.2777
0.4426     0.6079     3.4304     0.4914
0.7545     3.9874     5.1598     0.0087
1.0253     1.6231     0.0163     1.0916
1.0639     0.0334     0.3741     0.1384
0.6529     2.4619     0.0362     0.1213
0.7995     0.2743     0.0624     0.4833
2.3509     0.5682     1.0175     0.2723
0.0323     0.2053     0.2245     0.0263
0.0297     1.2994     3.3837     0.0225
1.8248     0.6080     1.3923     1.5805
1.1038     2.6418     0.4085     0.5908
0.0581     5.6139     0.5414     1.3321
2.0248     0.2463     0.7858     0.2831
0.4886     2.0920     2.6435     0.1687
0.0294     0.0134     1.8237     0.0637
0.3284     0.8089     1.9696     0.9242
0.4611     0.0515     0.6190     0.4588
1.1279     1.1394     1.5296     0.0049
0.4521     0.1882     0.0985     0.1388
0.7021     0.2545     3.0209     0.2913
0.1657     0.2445     0.5428     0.2055
3.9937     1.5793     2.2702     0.2592
0.7099     0.1350     1.2386     1.1724
5.0423     2.2883     1.0119     0.2499
0.3674     1.5991     4.6516     0.0151
1.5208     0.0512     0.0037     0.9064
2.6736     0.0924     2.5331     0.1401
0.2410     0.2365     1.3571     1.0390
1.0829     0.6288     0.5124     0.7475
0.2880     0.4540     0.4201     2.6515
0.2587     0.1466     0.8440     0.4535
1.4997     0.1626     2.7268     2.3063
0.4917     1.6888     0.4509     0.2454
0.3404     0.2737     1.8461     0.0459
0.2270     0.3804     0.6219     0.6265
0.2091     1.5368     1.7445     0.5104
1.9992     1.3331     0.8259     1.0367
1.0561     3.9677     0.3056     0.2053
1.1567     0.3995     1.3873     0.2589
3.0472     0.1385     0.1581     0.3906
2.4487     4.1817     1.7722     1.0263
0.4125     0.2716     1.2874     0.1060
0.8978     0.4936     0.4616     0.3023
2.5365     1.6312     0.0234     0.4878
2.6263     0.0252     1.2416     2.1811
0.7779     2.0683     0.0548     0.4381
0.5111     0.5893     0.6069     0.5749
2.6935     0.5717     0.2015     0.7743
0.1980     1.0202     2.7277     0.2555
0.3359     0.3080     1.1904     1.4027
1.4897     4.0598     3.2059     1.0820
4.5823     1.3594     1.0686     1.4217
6.1091     0.4449     0.4483     1.6446
0.3371     0.4506     0.2663     0.2825
1.0092     1.1184     1.7373     0.3078
0.9402     0.8501     0.7157     1.7309
0.0890     0.0364     0.5380     0.4182
0.0258     1.6238     2.0389     0.1442
2.6290     0.0952     4.0550     0.2303
0.1508     0.0504     1.5317     1.8001
1.0315     0.1774     0.2771     0.5078
0.0408     1.0898     0.9224     2.0116
0.2733     0.6104     2.3404     0.4915
1.3408     1.1342     0.4480     0.0183
0.4424     2.2620     0.7018     0.2469
0.0963     0.8647     0.0287     0.1523
1.2476     4.1180     0.6651     1.4003
0.0795     0.6783     0.1048     0.3687
5.1341     1.2170     0.3439     0.1674
0.7388     1.4161     0.9844     0.5493