1.3289     0.4068     0.8358
2.6386     0.9483     0.2034
0.7392     0.0805     1.0270
0.0011     0.2392     0.8130
0.0367     0.0470     1.0587
0.0833     0.2567     1.2484
0.0566     3.2909     0.9690
2.3096     0.0021     0.9118
0.0146     0.3819     3.0182
0.6957     1.6090     0.1843
4.2548     0.7955     1.2546
0.5165     0.0870     0.7137
1.0472     2.2499     1.9647
2.4324     0.3050     0.5055
1.7849     0.2737     0.1098
0.6905     0.7167     1.6950
0.1834     0.8760     0.0665
0.1744     0.4456     0.8825
2.9972     0.6437     1.2655
0.4873     3.0571     0.7333
1.1005     1.2844     2.3310
0.1185     0.5058     2.5043
3.7946     0.1893     0.2996
0.0803     2.0260     0.5127
0.8283     1.6562     2.3153
0.8238     0.4576     3.6495
2.1798     3.9604     0.2121
0.1778     0.9730     0.2300
0.0987     0.3313     1.5446
0.3203     1.0179     0.7223
0.6775     1.2914     0.9397
0.2809     0.5930     0.0952
0.9663     1.2551     4.3072
0.2436     1.0712     4.2488
1.0750     0.7995     0.2841
0.0767     0.9061     4.0431
0.6587     2.6362     1.2226
1.4175     0.7815     1.2112
0.0423     1.3824     1.6282
0.3156     0.6225     1.8365
0.4022     0.7444     0.1913
0.7253     2.2755     0.4415
0.0076     0.1217     0.2753
2.4394     0.0267     1.8682
0.1086     1.7511     1.3013
1.0088     0.2887     0.1828
0.7383     0.5629     1.2105
3.7934     1.0358     0.5480
1.4851     1.4210     0.7534
1.4187     0.2072     1.1351
0.2286     3.0817     0.8951
2.9709     1.0054     2.7982
0.9442     0.6410     0.4085
1.5261     2.2903     5.3698
0.5304     1.6214     1.5010
4.4665     0.7386     1.7356
0.6687     2.1828     1.8154
0.7196     1.2986     0.7960
0.1625     1.4494     1.0735
0.2569     0.6854     0.7635
6.2702     0.3818     0.2004
0.1246     4.8582     2.5954
0.4239     2.3783     0.4164
1.7794     1.1322     1.0402
0.4781     0.2793     0.2658
1.3994     1.0404     2.0838
0.4402     0.0889     1.0119
0.0762     0.1006     2.1626
0.7724     0.3965     1.7815
0.8046     1.7452     3.6657
0.1053     1.5343     0.3073
1.2234     0.9750     1.1408
0.4063     2.0119     1.1858
0.5132     1.2830     0.7200
0.6453     0.7808     1.0603
2.6349     0.3309     1.5964
1.3647     0.8760     0.4532
0.5862     0.0933     2.3231
1.6858     0.8835     0.1848
0.7900     1.0685     0.2216
3.3381     0.3463     0.4072
0.3908     1.8494     0.0782
3.1505     0.6511     0.8892
0.6250     2.0876     0.3309
0.1867     2.8446     0.9510
0.6495     0.3112     0.0889
0.0009     1.2153     0.4318
0.5427     0.5328     0.2934
0.9239     1.7915     0.7601
0.6600     0.0076     0.9971
0.1831     0.8810     0.5647
4.6943     1.5237     1.0660
0.5309     0.0394     1.4690
2.6024     1.7142     1.3518
0.6214     0.0847     3.4474
2.6055     0.4180     0.4035
2.0714     0.3976     0.2032
0.4906     2.3632     0.9157
1.8022     4.4199     0.2280
1.3494     0.5086     1.4954
2.4633     4.2427     0.9146
1.5767     1.3967     0.2630
2.6210     0.9669     0.4127
0.5816     2.0720     0.3439
0.0336     0.8438     2.6665
0.0377     2.6350     0.3189
0.1324     1.4191     0.7878
5.3820     0.0506     1.5280
1.2004     0.2053     0.4615
1.6198     0.0251     0.0716
0.0724     0.0462     0.0070
3.0661     0.5991     2.7575
3.1160     0.1597     0.9379
0.1966     1.3910     1.8515
1.8298     2.1146     0.5910
1.3822     0.3887     0.0922
0.3130     0.6137     0.0386
0.1572     1.2688     0.1395
3.2804     0.0229     0.5099
0.1758     0.5217     0.4470
2.1746     0.1294     0.3240
0.5440     0.0561     1.2713
0.0074     0.1031     0.2399
0.0879     1.0780     1.4193
0.4882     2.4610     0.9076
0.6158     0.5440     1.0286
0.3011     0.1893     1.4185
2.3070     1.0850     0.0418
2.3275     3.0196     0.5408
0.2251     1.1603     0.8777
0.9293     0.7241     0.8198
0.8091     0.7809     1.3927
0.0665     0.3232     1.5414
0.8556     0.6994     0.3717
0.3651     1.0028     2.2207
0.8572     0.0107     0.1821
0.0581     4.0424     0.9237
0.0136     1.2098     0.6493
3.3381     0.7899     5.4615
0.3127     5.1603     0.1536
0.9017     1.8851     4.4326
0.5298     0.5096     0.2758
0.7413     1.7275     1.6617
0.7054     2.3341     4.1967
1.7060     0.0078     1.5800
1.2541     0.2654     0.2559
1.5366     0.3190     1.7430
1.0665     0.2772     0.7981
0.5474     1.3005     0.7734
1.1428     2.2386     0.6783
0.4057     8.3280     2.0821
3.5210     1.5829     2.1185
2.3825     1.3426     0.6724
1.9883     1.7102     0.3962
1.7785     1.5477     0.0741
0.8071     0.7142     2.7093
0.5978     0.1192     1.0444
1.9262     0.5834     0.2263
2.6356     0.4803     2.2914
0.2076     1.0666     0.5688
0.3957     3.5379     2.1328
0.4581     2.2715     1.7750
0.9131     2.6140     2.2191
0.0970     0.5373     0.4184
0.3487     2.2699     0.6401
1.6401     2.0130     0.6073
0.2492     0.0308     0.6816
1.6357     0.6491     3.2676
0.5841     3.0692     0.1670
0.5382     0.3869     2.0199
1.2014     0.2911     1.2233
0.0983     2.0738     0.4316
0.2669     0.8240     0.5725
0.4381     0.5960     0.9339
1.1697     2.2368     4.7659
0.5706     1.9237     0.9165
0.9119     0.5573     2.6319
0.1792     0.8701     0.4984
0.1594     2.4225     0.2224
2.8988     1.1124     3.7681
2.6470     4.0979     1.8951
0.7059     0.1695     1.3413
0.5227     0.9623     0.5267
0.1505     0.3110     1.7367
1.3120     0.9421     0.5701
2.3633     0.6905     0.0804
0.4715     0.5246     0.7485
1.3824     2.5759     0.3780
0.3383     0.1016     0.9994
0.9805     0.7661     2.8112
0.2027     0.3342     2.7917
0.8818     0.4617     0.8833
3.8144     3.8784     0.1187
3.5486     0.5987     2.3742
0.0959     2.1644     0.7225
4.5969     1.0642     0.9393
0.6595     0.1199     3.3815
0.2320     0.1980     0.1833
1.8467     0.1675     0.3497
0.8877     1.5826     0.7703
1.0391     0.4860     0.4367
1.4822     0.9839     0.4735
1.8642     3.0270     0.3794
0.8539     0.7812     0.9379
1.7614     0.5915     0.5180
4.3348     1.1270     0.1653
2.5719     2.5253     0.9309
0.3914     4.4045     0.6130
0.5542     0.6488     1.0169
0.1685     1.1427     2.0922
1.8909     0.0909     0.0363
0.6353     0.1662     0.8108
2.9289     0.1876     0.2918
0.0338     0.6730     2.0195
1.0083     0.8588     0.2763
1.4579     0.0555     0.4485
1.9075     0.0836     0.7296
0.2761     1.6042     1.5091
0.8202     1.0319     0.2520
1.0560     1.4610     2.1783
2.6546     0.2678     3.5834
0.7898     0.5166     6.6137
0.7086     3.0316     0.7449
2.0248     1.8995     0.6224
1.8230     0.4641     0.3143
0.5150     2.8240     3.2977
3.0200     4.0804     0.6817
1.3106     0.6881     2.3629
0.4308     2.0294     2.9980
0.6123     0.6478     0.6468
0.4090     3.0718     0.1838
4.4383     0.1594     1.9196
1.4615     0.6826     1.3223
0.3946     0.8967     3.2749
2.9788     0.3330     0.2397
2.6321     0.1313     0.0899
1.0638     1.1149     0.8515
0.1110     0.8618     2.9081
0.3047     2.1561     0.4631
2.7667     0.1652     0.1409
0.6428     0.1768     2.1120
0.2313     0.4638     2.1639
2.3905     0.5787     1.3422
1.8054     0.2688     0.8010
0.4466     0.8618     0.3282
1.2240     0.2445     0.2096
0.8319     1.2548     0.4096
0.6509     2.2622     2.5441
0.4957     2.6856     0.0284
0.1439     1.1800     3.9251
4.0211     1.1245     0.8015
1.0116     2.7301     0.9994
1.0315     2.1558     5.1968
1.4817     2.1567     0.9776
1.8552     1.8090     0.3784
0.1955     3.5321     1.3526
1.1765     0.1730     1.9141
2.3101     2.5695     1.5856
0.1872     0.1540     1.8900
0.9315     2.7643     0.1961
0.6257     0.4444     0.2754
1.9389     0.1165     0.6544
0.1264     0.5216     1.0665
4.0386     0.3357     0.2075
0.5075     1.5554     2.2555
2.6778     1.0029     1.4834
0.6623     0.7973     0.0343
0.1005     0.0889     0.1550
0.4091     0.3875     0.2859
1.4743     1.4581     1.1493
0.3700     0.0726     0.6476
0.2593     3.1803     3.1146
2.0234     0.4396     0.3304
2.8560     0.4240     0.1672
2.7938     0.6400     0.3629
1.3165     2.7418     2.1023
1.5371     2.5935     1.1466
0.4322     0.7818     0.5417
2.3932     1.1209     0.1783
1.5449     1.5086     0.0749
2.6279     2.5500     0.8707
0.6891     0.6112     1.4106
0.5214     0.4507     3.3794
0.7496     1.3956     0.5651
2.0051     0.5716     1.4240
1.4391     1.9771     0.7269
2.4390     1.1448     0.3156
2.3010     1.4643     1.3323
0.6181     0.4474     2.4639
2.6608     1.2348     0.9309
0.3763     0.3583     0.6633
4.9847     1.3794     1.8317
5.5513     0.6904     3.3917
1.1559     0.4339     1.4860
1.7688     0.3541     1.3923
0.0269     0.1942     0.0257
1.1419     4.1166     0.8539
3.0437     0.5903     1.7544
1.0598     1.0282     2.6020
0.6328     3.2967     2.1574
1.8602     1.0446     1.1745
0.2294     2.2942     1.9413
0.3571     0.4861     0.0292
0.4774     6.1567     1.8003
1.6150     0.6808     2.8900
0.0356     0.0176     0.0806
2.3555     3.6166     2.8854
1.3693     0.0058     2.2020
0.9430     1.2081     0.5082
3.2608     3.0152     0.5489
0.8859     2.9907     3.6344
1.7126     0.2667     1.4049
0.9795     0.2402     0.4278
1.0394     1.4113     1.9242
0.1401     0.2742     1.0332
0.9721     0.7547     0.1942
0.5868     0.3538     2.0194
0.3219     0.3109     0.6852
0.0169     1.1863     0.5749
0.6421     2.7048     0.6828
0.0430     0.8155     0.0702
3.9213     0.4609     0.3265
0.2250     0.7844     0.1361
0.5388     0.2086     0.9316
0.1480     0.9641     0.9100
2.7975     1.4585     0.1941
3.4458     0.5620     0.2584
0.6430     0.5904     0.0580
0.1345     0.2897     0.4446
0.4828     0.0334     0.4818
1.0418     0.1018     0.2255
1.1337     0.7231     0.4305
0.3172     1.3679     1.1851
0.3025     1.5350     2.4541
0.1187     1.7868     0.9184
1.2865     3.1575     0.4302
0.5498     1.9469     0.7040
0.5403     2.0052     1.0150
0.0697     3.2697     1.1000
0.5702     0.0517     0.4414
3.4465     1.1478     1.5693
0.3604     1.6101     0.7609
0.7393     0.0122     0.9806
0.5683     0.4791     1.6364
3.7083     0.3008     2.0924
0.9455     0.7140     0.4228
1.2319     0.6884     1.7485
1.0209     2.3004     1.6069
0.5153     2.8026     2.7056
0.7307     0.1912     0.0583
0.2911     0.6194     2.5755
0.9687     0.5095     1.5280
0.8230     0.1097     0.8236
1.3145     2.7392     0.4339
0.1819     0.0143     0.9448
3.1128     0.7397     1.3955
1.0460     0.9011     1.1901
0.9869     0.9288     3.9448
0.7466     0.4628     0.9081
0.0702     3.1249     0.1176
4.6518     1.6962     3.3583
1.2947     2.5535     1.4396
0.7701     0.3461     1.6523
2.7106     1.0385     1.0957
0.0778     1.7548     2.6937
2.5209     0.1598     0.0495
0.4828     2.9236     0.6199
1.6271     0.3411     2.3835
2.7904     0.7638     3.6553
1.6711     1.8955     0.1389
0.3414     0.6657     0.2450
0.3854     0.2751     0.7624
2.4889     0.2799     0.4317
2.1222     1.4840     0.3965
2.0398     0.2989     0.6290
0.1608     0.9728     0.7165
0.3334     1.3805     0.8942
2.8701     3.6226     0.3805
0.2265     1.8378     0.4230
1.4706     1.3168     2.7363
0.0034     1.7723     0.3339
1.8778     1.4229     1.5044
0.0628     3.0218     0.0643
0.2335     2.0192     4.0513
1.4740     0.4472     1.8774
1.2184     0.2318     1.7523
2.3300     0.3948     0.3773
3.1706     0.5389     3.1855
3.1901     1.6991     0.2119
0.4061     1.2360     1.3804
0.3640     1.1494     1.4992
1.2541     0.2886     0.3080
2.5361     0.1802     0.1203
0.0036     1.1603     0.3056
0.2994     3.0089     2.0598
3.3206     0.7937     1.5528
4.9017     0.0519     2.4522
0.8277     5.5983     0.5943
0.1548     1.4009     0.3946
0.5214     0.7200     0.8587
0.9996     0.3460     0.1156
0.1824     3.2362     1.9362
0.9183     1.1724     0.7278
2.2002     0.5985     6.2724
0.0145     0.4775     2.6434
0.0072     0.2620     1.7317
2.4382     1.6155     1.1737
0.3907     1.8584     0.2952
0.0723     0.8321     2.3086
2.1885     2.1191     2.5640
2.6119     1.3690     0.5141
1.0906     2.8947     0.5895
3.7294     0.4517     3.1157
0.0073     0.0410     1.1483
1.9276     0.9738     0.5526
0.6692     9.5130     0.5227
1.2660     0.1048     0.1138
1.1786     1.9032     0.3236
0.5510     1.8407     1.7414
1.0070     0.5788     0.7193
0.8943     0.1771     0.5192
1.2498     0.6493     0.1858
0.7291     1.2798     0.6638
0.8567     0.1772     1.5012
3.6061     0.2978     0.8510
0.1162     0.3670     0.5725
1.3978     1.0880     0.0070
2.3410     0.9329     1.2737
3.6543     1.7167     1.6812
1.7627     0.4471     1.7752
0.4426     0.6079     3.4304
0.7545     3.9874     5.1598
1.0253     1.6231     0.0163
1.0639     0.0334     0.3741
0.6529     2.4619     0.0362
0.7995     0.2743     0.0624
2.3509     0.5682     1.0175
0.0323     0.2053     0.2245
0.0297     1.2994     3.3837
1.8248     0.6080     1.3923
1.1038     2.6418     0.4085
0.0581     5.6139     0.5414
2.0248     0.2463     0.7858
0.4886     2.0920     2.6435
0.0294     0.0134     1.8237
0.3284     0.8089     1.9696
0.4611     0.0515     0.6190
1.1279     1.1394     1.5296
0.4521     0.1882     0.0985
0.7021     0.2545     3.0209
0.1657     0.2445     0.5428
3.9937     1.5793     2.2702
0.7099     0.1350     1.2386
5.0423     2.2883     1.0119
0.3674     1.5991     4.6516
1.5208     0.0512     0.0037
2.6736     0.0924     2.5331
0.2410     0.2365     1.3571
1.0829     0.6288     0.5124
0.2880     0.4540     0.4201
0.2587     0.1466     0.8440
1.4997     0.1626     2.7268
0.4917     1.6888     0.4509
0.3404     0.2737     1.8461
0.2270     0.3804     0.6219
0.2091     1.5368     1.7445
1.9992     1.3331     0.8259
1.0561     3.9677     0.3056
1.1567     0.3995     1.3873
3.0472     0.1385     0.1581
2.4487     4.1817     1.7722
0.4125     0.2716     1.2874
0.8978     0.4936     0.4616
2.5365     1.6312     0.0234
2.6263     0.0252     1.2416
0.7779     2.0683     0.0548
0.5111     0.5893     0.6069
2.6935     0.5717     0.2015
0.1980     1.0202     2.7277
0.3359     0.3080     1.1904
1.4897     4.0598     3.2059
4.5823     1.3594     1.0686
6.1091     0.4449     0.4483
0.3371     0.4506     0.2663
1.0092     1.1184     1.7373
0.9402     0.8501     0.7157
0.0890     0.0364     0.5380
0.0258     1.6238     2.0389
2.6290     0.0952     4.0550
0.1508     0.0504     1.5317
1.0315     0.1774     0.2771
0.0408     1.0898     0.9224
0.2733     0.6104     2.3404
1.3408     1.1342     0.4480
0.4424     2.2620     0.7018
0.0963     0.8647     0.0287
1.2476     4.1180     0.6651
0.0795     0.6783     0.1048
5.1341     1.2170     0.3439
0.7388     1.4161     0.9844