2.4819     13.6214     10.5361
5.4342     15.3190     13.4649
8.0943     11.2343     8.9726
13.8116     6.9176     10.1928
9.0443     6.7975     11.2266
4.6348     13.2179     8.0898
1.6531     2.5831     10.5563
5.2239     13.8494     13.3697
4.1689     5.8471     12.0185
2.8348     8.8142     6.8013
6.7486     11.7930     9.2610
5.4757     4.4589     15.2831
-1.5189     6.1599     11.0208
2.8007     6.9119     15.1826
1.0637     14.2923     6.6074
4.2018     13.0919     11.0260
8.3589     9.6212     17.4747
1.7699     9.5183     5.6762
1.9841     11.1742     15.7984
2.7886     6.8745     2.4585
4.0828     11.8542     9.1210
6.9154     8.8849     13.8288
3.6415     7.4962     11.2419
3.4715     9.2632     6.8066
6.6827     7.1340     7.2335
4.4326     13.2361     7.4280
6.6434     12.5160     15.2944
8.7392     8.9312     14.2479
1.5137     11.5253     10.4450
-1.8660     11.5408     9.1887
2.3997     12.9719     14.0103
6.7772     11.3790     15.4108
6.7962     6.2918     13.7707
4.1376     12.5617     13.6184
5.0878     4.8254     11.2217
5.4131     9.1138     12.6413
4.1315     12.9253     5.4472
10.1602     10.4654     10.7386
5.9535     7.2701     7.1410
9.9100     8.2534     11.5175
6.3759     4.4396     10.4440
12.3210     10.7647     8.6155
12.8409     8.1092     7.4507
4.8732     10.6074     10.5601
1.3665     5.5127     9.6611
3.2337     6.3700     10.8594
5.6289     8.5651     8.0400
9.4840     9.1275     8.6095
1.3465     11.0921     10.5156
6.6222     13.5507     7.7491
6.0396     6.9132     10.3579
2.3101     12.6765     7.2311
4.1290     5.3512     9.0633
6.5968     9.7801     9.1953
5.8132     12.2799     4.0973
8.8639     13.3531     13.9043
6.7292     9.4051     10.2949
5.9843     8.3074     9.5013
7.3057     8.4958     5.5209
2.3421     8.9569     7.8180
3.6406     11.9552     5.8204
5.3006     9.6750     9.7658
4.3621     10.4483     9.7071
7.5223     10.0083     10.3639
3.0638     8.3396     10.7083
10.2073     11.9238     8.1392
5.2069     11.3607     10.9842
6.0389     13.9344     13.6763
5.4095     10.8698     17.5715
5.2735     13.8893     9.7873
5.5643     9.6698     8.7171
5.3193     7.6332     11.7136
0.5348     5.7496     11.6837
7.0681     8.3386     11.8227
6.4548     8.1787     8.3725
6.5467     10.3647     4.7186
2.7260     13.4483     8.8461
0.1296     10.1297     9.9227
2.7303     11.5138     9.2949
0.7121     9.3996     12.8563
1.2263     12.6299     6.9540
-1.2505     10.0664     9.9843
7.2404     7.8940     10.4667
7.3794     14.7813     12.9161
5.7599     8.9526     13.7221
5.3553     8.5965     7.6904
8.3983     13.6721     7.5925
3.0678     9.1883     7.4483
5.5354     12.4756     14.4761
0.9091     9.6616     12.0383
0.9438     7.6118     7.2151
5.7261     9.6173     10.1432
2.6212     8.5107     11.0103
4.0786     11.0158     14.7557
2.8856     8.6186     9.1342
5.3743     11.7525     7.9974
1.1449     10.3270     8.8607
3.7160     7.4551     12.3843
8.1747     15.9456     9.9458
9.7369     8.8678     10.5248
5.5692     13.8264     11.3016
9.1289     11.0663     8.4450
2.3942     10.0647     10.6048
5.0478     12.6562     6.1067
4.9360     9.8442     10.9226
2.4274     13.9823     9.7060
4.3280     9.7509     9.3161
4.4475     7.1466     6.9023
4.6145     11.1432     5.6657
10.1620     10.0101     13.8443
6.5914     6.0912     14.0335
1.2467     9.7838     9.0017
-0.8021     9.8383     10.0816
4.9363     10.0281     9.5854
4.7873     5.4704     13.3047
8.8561     18.3037     13.5836
6.4857     10.7434     13.0622
4.8120     4.8621     11.6571
8.8291     5.5838     17.2676
8.3268     10.2282     9.3382
3.6893     7.6141     5.9187
0.6430     13.3601     8.3129
4.6236     7.5787     13.6782
7.0559     14.2322     14.3223
6.1304     8.5155     14.0325
6.2172     17.6046     8.3674
2.1459     8.1675     10.1771
7.4256     10.3622     12.1487
7.6236     8.5118     9.9894
7.2859     10.9421     8.3295
8.0245     8.5724     7.7982
-2.4007     10.0270     8.9264
1.5237     11.4559     7.4422
3.2045     12.4738     12.9049
3.6760     7.6843     9.5282
1.4035     10.5198     14.9392
6.0600     8.5967     12.9073
6.5028     9.7395     7.4369
6.3995     3.9165     10.2319
2.7071     8.6132     13.9768
8.8905     10.7046     12.2524
3.8337     15.5701     16.3928
7.9833     8.1593     10.8669
8.4654     14.8028     10.8017
3.6365     10.0237     4.5319
6.9275     5.5304     11.5842
-0.7435     11.7698     5.5640
2.7109     10.5226     14.6023
7.9493     8.4362     4.9007
1.7900     5.0179     10.1567
1.3468     5.1240     6.9661
3.2922     7.7117     13.6585
7.7767     9.4233     13.4407
5.5127     10.3407     12.0723
5.5202     9.6005     5.6894
5.9544     11.7813     12.5385
4.9863     11.9089     2.8681
4.6816     5.7329     12.7594
8.1191     7.9742     7.7555
9.1792     5.9217     7.7069
2.6544     8.9046     1.3421
7.0622     9.8125     11.5412
2.8072     3.9308     10.6920
2.3246     8.2099     9.8064
4.1493     10.3922     10.6242
2.9438     11.2434     6.7562
4.8278     11.3548     9.6384
6.7649     9.0365     8.7756
10.4904     10.0995     4.8259
3.6334     9.9125     7.3666
8.7093     10.4544     13.9833
10.3066     10.1265     10.0766
6.7224     17.0254     16.5107
5.2610     10.6560     11.6418
5.7769     11.2405     13.5069
7.7764     6.7746     11.1944
6.6575     5.4931     12.1530
5.6203     9.3916     16.1268
1.5642     8.0980     10.4247
3.2064     9.2313     8.5131
6.9284     10.6547     7.3047
6.2267     2.6707     11.0849
5.5384     12.2138     10.0402
1.9669     12.5655     14.1927
6.0476     2.0760     8.4765
2.9998     3.7630     9.6315
-0.2333     10.1960     13.3316
5.0170     9.5759     11.5761
6.2087     11.2677     9.3086
7.6811     7.2939     11.2359
0.4657     12.6193     8.9783
8.9504     8.6897     7.7171
4.3774     12.3465     9.7821
9.5584     7.7653     3.1257
1.9234     8.9863     5.8822
6.2988     11.8001     12.8407
0.6980     11.1502     11.7223
9.1586     12.4319     10.9321
7.1972     7.0034     7.3082
7.0902     10.0441     8.3481
6.5636     12.5340     5.7488
8.4612     3.7385     8.2057
3.7488     7.0432     5.2516
8.1181     14.0577     8.9544
-0.2684     7.4887     11.0386
7.2929     12.4269     13.3764
1.0559     9.3921     10.6264
10.1980     7.9585     5.9407
2.0102     11.3974     9.0723
-0.2603     12.4268     5.5513
8.0113     11.4939     9.7754
4.3025     8.9583     3.7711
5.8486     6.8552     13.1522
5.6598     13.2159     9.1379
11.2156     8.9460     13.2350
2.4833     18.5829     12.0164
1.6067     8.9261     10.2477
5.0846     8.7526     7.9427
3.8511     10.0161     11.2565
-2.5990     8.4852     9.0739
-0.7648     7.8613     16.3728
6.7126     9.0799     12.2107
6.9286     7.4740     8.6592
3.4803     7.0705     12.6689
7.2238     3.1978     6.9582
2.4171     9.0335     8.5272
1.5500     10.6469     17.0002
4.7433     5.1879     4.7885
4.2988     11.6588     9.1129
7.8129     2.6680     3.0481
10.9122     7.0658     7.6093
6.8342     11.0300     12.2260
7.8056     12.0432     14.0961
7.8956     10.8595     13.2679
2.4757     8.9110     12.1137
4.4269     8.4564     5.6808
-0.5386     11.2696     4.8628
3.3624     12.3197     6.0290
5.4652     9.2437     6.4641
8.4378     8.8087     14.3958
9.1427     7.2648     7.4603
3.7457     9.4771     12.9675
6.0967     15.3813     11.7604
7.5320     9.8828     12.3705
2.2674     8.0128     10.2204
9.7441     12.5749     9.2470
6.4312     7.1625     5.1522
2.6494     14.2123     10.6008
4.4059     11.7907     13.0950
4.4928     5.5660     10.6933
8.4657     13.5701     6.5889
0.8533     7.2492     12.4691
5.2311     11.4653     17.8057
1.2309     9.9833     14.6130
9.6788     9.0706     3.0622
2.9623     8.9443     9.9413
8.8828     12.4865     14.8007
5.8157     9.3778     12.0758
0.3771     13.2298     8.8498
4.4238     10.7607     9.5154
1.4748     4.8610     8.0264
10.4307     9.2059     8.9407
5.0989     9.1094     6.5940
2.7508     12.7443     11.6415
1.1431     12.1636     11.2535
4.1252     8.8017     14.6909
5.3705     6.6599     5.4246
5.3324     6.5963     9.6636
8.4400     13.7732     14.1604
2.9491     10.1569     12.8557
4.1704     7.0117     9.2171
6.9179     9.2719     11.1793
4.9157     11.9109     7.3071
8.9122     10.7857     7.8306
4.1227     17.1174     16.6714
4.7007     14.2066     4.4868
6.5165     12.0680     10.6150
2.4254     8.5671     11.1963
6.2635     11.9627     14.5718
0.7786     5.6828     10.4655
4.2496     7.0194     11.4572
7.6099     8.3663     10.1127
8.5800     10.9911     7.3968
-1.7490     10.5268     6.3409
1.2077     8.5865     6.1419
8.4405     6.7178     12.3316
8.4336     1.4141     12.8908
4.5562     10.6839     7.6169
6.5979     7.6684     9.0178
4.6485     13.5676     10.5929
3.1146     8.6428     15.8974
2.6050     13.0275     4.6460
4.7451     10.2817     13.7810
7.3122     8.4968     5.4032
4.5116     11.6841     10.2939
9.0833     10.0963     16.2094
-0.1988     5.4364     10.5776
4.4366     12.5466     5.7711
3.8329     14.2925     8.2720
4.2531     9.7341     10.1358