7.1068     9.9323     8.8948     7.1436
6.9614     8.9260     6.3010     10.1603
7.9848     8.4257     8.2914     2.3821
6.1619     13.0585     14.6122     3.9981
5.6740     8.2671     8.5638     6.0510
6.6453     7.6983     15.6406     8.6674
9.0061     5.7272     8.1512     3.1265
1.5919     9.6227     10.3385     7.8065
4.0431     11.9694     8.9248     7.5435
6.7572     10.4211     10.9144     1.6342
5.7929     10.9419     10.2359     1.9703
0.1577     9.2144     10.9589     6.5159
6.5388     10.1127     8.7589     8.4236
6.2430     11.9747     13.6323     4.4950
6.7975     7.1421     9.2781     4.1112
3.6825     11.4610     10.8039     2.6324
3.4838     6.0469     9.4506     0.6594
4.5426     8.6873     9.2803     5.5607
2.6210     11.2218     12.1299     2.1230
3.9478     12.8273     9.5222     3.0053
0.5559     10.2456     10.4127     4.4062
9.6094     11.6098     5.0979     5.3714
0.9653     9.4159     9.6294     5.9284
12.5212     10.1107     4.3840     4.8534
8.7756     6.5167     13.1097     9.0914
9.7901     12.4506     9.1088     7.0828
4.1557     13.5589     11.9135     9.3516
4.5660     8.6671     11.5721     5.5082
6.4267     5.8263     5.6681     6.7296
1.0447     11.9998     5.7142     2.2991
1.2186     7.7451     11.9430     5.2273
2.8852     9.3413     10.7106     3.9922
2.9785     7.9088     5.3556     3.9115
7.5244     10.9934     8.9529     5.7538
1.4166     6.1775     13.3492     3.6837
2.1495     7.1276     6.6960     1.3165
3.2281     11.9180     6.9030     8.8780
2.4640     6.1642     9.7601     6.8879
1.7300     8.4337     8.0012     8.2602
2.5395     14.6542     9.7008     5.5894
2.9028     11.5151     11.0159     1.8681
0.8423     6.2593     4.9461     4.8404
6.1312     9.6218     7.4284     4.8792
4.5710     11.5440     13.1475     3.4820
3.9094     13.9588     7.2299     7.6923
7.9734     10.5075     10.9224     0.2331
7.8182     11.5263     10.7579     5.5323
-0.1468     11.8437     7.3151     7.1410
5.0792     10.3182     8.2477     6.8150
4.1412     5.4621     3.9478     2.7139
4.9946     9.1609     9.3032     6.5242
2.1196     8.7330     8.8741     5.2717
2.4364     12.7110     11.4799     -3.1120
1.4137     10.2258     12.7596     4.6285
0.5548     12.3614     4.7572     7.7035
9.2077     10.0045     11.7075     5.2038
4.6956     11.4485     13.1795     2.9097
7.7688     14.3865     12.2360     1.3770
4.6676     11.6734     12.8867     4.7899
3.1900     10.6883     10.2153     1.6466
7.8563     10.2262     8.9240     6.7007
6.1250     14.9121     7.9351     6.3794
-0.5286     8.2029     9.7831     10.2626
-1.2377     4.8026     9.1430     4.4821
3.0594     13.0706     8.8900     5.3330
-1.7433     11.5229     11.3067     8.6086
5.4925     10.2561     9.5129     5.2242
6.5543     4.8205     11.2396     4.0755
0.3342     14.5220     2.2053     8.8584
5.4744     8.9506     15.2955     9.8653
1.8668     7.4464     9.4741     5.5078
5.2999     7.7270     14.3940     11.6805
8.0300     10.5951     14.1268     2.3093
1.1303     14.6980     15.8340     6.8046
1.7889     8.4600     12.8185     7.3607
4.2424     8.8418     9.4073     5.1180
4.6694     11.9759     10.6044     2.6451
5.1061     13.6534     14.3417     9.3333
1.3633     14.0913     6.0925     4.2833
6.5514     18.2810     9.6746     6.2309
9.1284     8.0819     12.6501     4.4016
6.9007     12.8003     13.0039     3.2288
7.1808     12.4742     8.0120     3.8865
3.8630     7.9849     13.4568     6.8772
3.8577     10.0545     7.2795     -1.2422
6.2678     7.6805     16.8328     6.8305
8.6678     6.3578     8.3295     4.5908
6.7675     9.1391     9.8563     8.3338
9.6871     6.1987     9.7031     2.5966
1.1400     5.7511     8.5579     6.0138
3.2842     6.3470     10.8137     5.4869
5.3170     10.4642     9.8191     2.2501
8.0574     10.7062     5.0218     4.0009
6.5004     10.9931     13.6485     9.4053
6.6242     12.6386     9.7519     8.2701
8.2384     9.9888     13.8478     11.2038
1.9154     6.7518     9.3946     2.6775
8.4161     3.4186     8.6747     3.7557
7.5761     11.4354     9.3694     9.6319
10.8278     7.2080     5.5198     9.9225
7.5716     7.5123     10.4276     -0.5511
7.4472     15.6400     8.0154     5.3659
0.2612     8.8697     11.8530     -0.5472
4.0206     10.1117     2.1712     3.6451
5.3511     7.8476     9.1465     7.6337
3.0730     10.1652     11.6467     4.2203
6.6323     8.1745     13.1493     2.5412
6.2925     5.4788     13.6176     1.0720
8.2089     8.9790     7.7384     4.8063
6.3841     11.3092     10.8135     0.4617
6.5911     9.3432     12.7921     5.2735
5.2680     11.5477     9.8089     2.2470
8.6595     5.9079     7.5087     0.1290
11.2097     5.5750     7.1281     3.0791
6.0141     15.2871     11.8183     3.4205
6.2034     8.2670     10.4273     5.9230
4.2564     14.6555     11.6889     8.3205
5.5554     11.8738     8.9103     4.3085
6.2895     17.2841     6.5573     1.9946
6.1066     9.1211     9.0954     7.2429
6.6341     7.5802     13.0459     6.7284
3.1478     11.6136     8.5753     7.9384
4.9214     7.1178     9.9479     3.8671
12.2296     14.9759     6.0913     4.8817
5.7544     10.8156     12.7514     0.7920
2.7029     12.0277     12.6189     10.3353
2.8909     9.3959     11.2260     8.5910
-2.6289     17.6338     7.3302     3.3383
3.4005     15.1261     9.4994     3.2688
8.4221     5.0750     11.1531     4.8755
4.6369     11.0495     7.8938     6.6160
6.9398     8.2666     14.0579     5.7234
4.0664     13.5671     9.9023     6.5247
8.5317     13.5556     6.9068     5.4695
11.2924     8.8760     5.9117     8.9249
9.7711     3.9796     11.9579     8.3415
6.7309     10.0178     7.7791     9.2617
0.3370     8.5082     10.4091     -1.5133
10.2000     9.5363     11.6214     8.8059
11.5408     10.4276     12.5363     7.7260
4.4707     6.2749     12.4584     11.7528
3.6199     13.3786     9.7641     4.9863
6.6753     12.3087     11.6802     5.8517
7.5194     4.8109     8.3718     5.7263
7.4940     13.1567     11.0251     5.1526
5.8430     8.0932     8.5061     6.5463
6.6997     15.7656     8.0742     6.3602
7.7706     6.7548     15.0067     10.6221
2.6317     9.6231     15.3426     9.7436
7.9502     4.5264     11.8759     5.0932
5.1370     3.0666     9.8552     5.7776
9.3670     11.6123     9.7872     5.1389
1.5568     13.0255     7.3521     6.2400
7.7676     8.1472     5.8419     2.9647
6.4936     15.5353     14.2103     11.4904
3.9636     9.7828     14.7876     7.7348
10.1587     13.9922     8.8879     2.9412
2.7755     8.1825     12.6587     7.5325
7.0664     11.4790     15.9437     6.3622
6.5554     11.9347     8.4435     6.0092
0.3506     6.6647     10.5768     5.9952
5.0430     8.1070     14.5476     8.0096
1.5245     9.8415     8.7553     11.0180
6.9456     5.5684     12.0003     0.9754
6.1302     8.4968     9.8117     3.3079
7.7257     5.3420     9.6809     -1.7752
-0.2551     12.3725     9.4288     7.8954
4.9905     15.1759     7.4633     8.6095
6.7949     7.6069     10.9158     4.3946
12.0187     12.1594     12.7005     1.2024
5.1044     13.6971     12.6758     -2.3175
1.1171     10.2484     11.7603     4.6861
-0.2552     8.4510     15.4320     1.9593
4.5516     9.6421     8.5593     2.9584
3.0605     10.7421     11.4973     3.2562
6.8500     7.9022     15.5732     2.2784
-2.2108     9.2345     8.2841     6.7786
1.4643     13.2747     10.4984     1.3069
5.9944     14.1429     8.2591     6.0037
5.7031     10.2698     10.8912     5.4012
6.2150     9.0383     10.8303     6.1457
4.6030     5.8000     14.2529     0.4298
5.4647     12.0453     8.2854     4.4468
7.6768     10.4366     12.5948     4.0653
5.4768     12.9715     11.3279     9.6100
2.9954     7.7826     14.1520     4.1857
5.0357     10.7203     8.5706     5.8300
4.2602     12.8822     10.5714     10.1692
7.3817     12.8889     8.7028     3.1188
6.6209     6.9636     11.6020     4.7581
3.9601     7.5147     8.8366     8.5768
2.2513     14.8705     8.4286     3.2586
7.6392     10.0463     4.2597     2.0501
3.0988     6.4098     9.9248     9.6303
4.5239     8.3911     6.7513     8.9237
6.7298     7.9940     6.6162     2.5437
4.8467     12.6906     7.4788     2.5375
5.7460     9.7423     16.0212     9.2373
3.8303     7.8258     11.3594     4.7392
3.2347     10.2387     9.4449     6.1845
9.5517     7.5040     11.9229     2.4910
5.3243     8.8264     12.5059     2.3025
12.0434     11.7038     10.8143     6.4325
6.9888     11.6216     7.4942     7.4040
5.4146     8.3322     9.3825     4.0488
-0.9502     9.0632     14.9983     3.7483
4.7028     9.6602     11.4890     2.3700
5.5541     10.0661     10.4044     2.5995
8.6605     10.4422     8.6964     5.4529
13.8581     8.6921     7.9288     -1.1130
12.9283     13.4936     7.6713     3.5651
6.6605     7.2684     6.2414     1.8369
5.7342     5.0091     8.7078     4.0991
4.2068     12.9236     11.7967     0.9106
9.0973     12.5704     9.7316     3.2483
5.3482     6.9610     9.5523     5.9404
4.1435     4.4741     9.7906     4.6100
0.0813     5.0741     6.5282     7.4437
5.3641     6.7181     6.3796     4.0407
8.0766     11.9672     10.3304     6.3442
10.0650     11.7026     9.4877     5.2695
6.1030     8.9428     8.3139     11.6644
2.3341     10.3727     11.6298     1.9814
6.5091     12.8243     7.8452     5.0712
9.0930     14.0467     15.5489     7.2960
6.0501     5.4975     10.9064     3.3955
-2.0554     7.1786     5.6244     6.0293
4.3342     10.2872     10.8578     6.7328
6.9531     11.9296     8.7868     8.1309
2.6119     5.3137     10.1208     3.5391
-0.9445     8.3037     12.1954     4.6277
5.1808     15.1049     9.8547     4.5878
6.7074     8.5042     12.1856     2.0815
2.5889     10.1537     12.5874     7.3437
-2.6254     18.0846     10.1151     0.6801
6.3462     12.3739     12.4887     5.6258
8.0137     9.2575     12.9077     -0.0448
0.4433     10.8007     7.2936     7.4387
4.5006     14.5700     11.0675     11.9842
5.5112     5.1485     6.2279     10.1893
7.5927     7.1179     15.1951     9.3997
6.9322     6.6168     11.1554     10.0982
4.4671     14.7495     10.0304     8.4969
9.1446     12.3834     15.7188     5.1545
8.8496     12.6104     12.6793     5.3022
6.3557     8.0521     14.9354     5.7869
6.5057     12.0412     14.9984     7.6254
3.9789     11.6435     9.4606     5.2176
10.4504     8.0755     12.2282     0.9793
6.6600     7.3748     2.7782     10.6744
4.5405     11.3957     11.9342     4.4636
4.5622     14.2021     9.2737     6.9220
3.6647     13.7192     8.7102     4.6742
-0.4294     13.1383     8.9845     4.0951
3.7656     8.5371     16.1072     1.8253
4.8428     10.6716     7.0771     5.6953
6.9051     7.3039     10.5724     4.0414
1.4735     10.5883     10.9672     4.5368
4.6851     7.4542     10.5088     3.5618
5.4978     11.0758     12.0355     4.2352
3.4558     9.3856     10.6208     5.9327
6.1889     12.5420     13.4916     2.5943
2.3004     10.1959     11.0184     4.5246
4.8437     9.5475     9.3650     5.2525
4.4941     8.9827     13.5639     2.5806
4.8894     11.9633     6.8036     4.4084
2.2084     12.7588     15.5628     3.6797
5.9214     9.8790     5.3575     5.8695
7.2083     16.0403     13.6965     5.5021
5.4133     6.1163     12.6791     6.0173
3.3935     10.9761     9.7566     3.6654
10.1427     5.8913     11.3588     6.5264
1.5908     5.4308     8.7865     6.8163
7.9497     11.7366     5.9108     4.5192
5.3587     7.4588     10.5003     4.7425
10.0469     5.4075     12.2273     4.6309
4.5093     16.9175     11.8532     5.1691
3.2183     8.5162     9.2408     6.0645
-1.6082     7.2705     11.3760     6.2726
5.1277     9.4491     12.8041     3.9925
6.2696     8.9113     12.0063     7.1379
6.7714     6.3512     13.4484     4.6328
7.4576     8.4950     10.9684     9.2388
9.3821     5.5317     11.6688     9.4135
7.2623     11.5772     11.7158     4.4412
8.4164     10.6589     12.0169     6.3571
9.6872     5.7682     6.0834     4.9648
7.3268     9.5821     6.7713     7.5351
6.1443     7.0341     4.4263     8.1164
2.5173     6.3215     12.7206     8.6618
4.2435     9.6638     5.1886     1.0987
9.2608     8.1503     6.1614     -1.0195
-0.7028     7.3339     10.7429     9.1356
9.1050     11.1876     13.3400     6.0679
9.8275     10.3094     7.4751     0.6365
4.1277     7.4310     8.3179     2.3919
4.6600     7.6148     8.1251     2.8213
8.2266     9.8363     6.4065     5.9513
1.4634     8.2081     9.2035     5.7317
3.6896     10.0843     10.3699     6.2061