8.3962     24.9608     1.7880
7.5745     16.9499     5.5224
9.8048     16.7539     2.7641
7.8181     22.1297     4.8348
9.9910     16.8553     4.0784
9.2612     24.0305     6.9426
12.5725     18.0899     3.1066
7.2709     20.0454     7.4138
2.0013     23.8552     6.0371
7.6440     20.0475     7.4441
8.4372     11.5234     8.2833
8.3121     14.7711     3.9589
2.6900     22.7870     5.5628
-1.9438     19.7895     4.1712
9.8181     13.5318     5.9957
10.0792     20.6721     2.9721
16.4514     17.8923     1.5938
16.7093     29.1090     6.4522
11.4469     15.3327     2.7990
17.7246     23.0713     1.0944
7.5387     18.6197     5.5811
14.6266     17.9691     5.3260
6.9326     20.5879     0.6005
15.0792     18.8194     5.2311
7.7302     16.3610     6.3130
10.8216     16.8801     5.4315
7.7980     13.0024     5.6343
11.0803     19.1121     2.9310
13.7061     19.5204     0.3367
9.9280     23.5804     4.4113
9.0100     19.4811     3.4488
13.6041     32.0524     5.0987
10.6477     16.8326     9.4825
12.0587     23.3890     2.3580
10.1268     17.7442     2.8728
11.6770     14.4115     7.3617
10.9798     25.3896     3.1751
8.8650     23.1878     3.1875
8.3957     17.7567     8.2201
10.3726     15.7506     5.2253
6.0472     19.4702     7.1083
14.1692     17.3614     5.6082
12.7886     15.0080     7.4940
21.8531     18.3480     4.0746
13.3813     17.1652     7.0905
8.6612     16.0924     3.3455
17.7578     17.0913     5.5670
7.6072     20.6382     6.1025
8.5719     20.2960     6.2358
12.0527     18.9424     2.2053
12.3132     20.2655     6.6347
5.3572     18.0340     9.9030
10.4216     19.7951     6.5945
20.9309     19.7711     6.1069
11.1657     29.6711     3.1856
3.7642     18.9558     5.7351
17.6173     23.4364     6.6395
8.7087     18.0285     6.6487
9.0588     22.2968     3.8649
7.0404     24.2757     5.8386
17.7392     27.6601     5.2448
8.8748     24.0170     8.2833
13.9983     14.4877     5.0637
9.2803     21.2960     6.3928
10.1361     16.9079     5.2023
6.9183     24.7038     2.5092
7.7028     21.6892     6.0826
3.1248     23.4261     4.9416
0.4788     25.5961     4.0597
8.2192     20.1826     8.1450
8.9230     19.2483     3.6401
15.8013     20.9156     6.5934
16.8863     13.1734     4.5022
13.2185     24.3905     6.8861
9.5507     15.9296     3.4420
9.7568     17.1035     4.8582
10.9731     22.8289     6.5846
11.9319     12.0746     2.0993
5.9872     16.9083     3.8645
9.2054     20.4900     5.8299
2.6196     19.0352     4.5144
6.2768     20.5376     4.9413
16.2446     14.3471     3.9644
4.8876     23.9914     3.5007
10.5826     18.6166     2.3252
6.0257     23.6680     5.0244
6.7132     16.0906     6.6622
7.0385     18.1684     5.8701
4.7969     21.3324     7.5494
11.6646     28.7295     4.5162
18.7898     12.9626     6.8005
9.3254     18.3747     1.8806
19.1849     12.4765     6.9570
8.1838     20.5650     4.4549
15.0861     27.3121     6.8596
3.6953     29.8799     8.2622
10.6750     19.1135     4.2472
11.7516     22.2700     5.2521
9.5231     17.6065     5.5686
2.2332     27.0657     4.2891
6.9292     17.8991     3.0154
19.0707     24.5547     7.8249
3.5255     16.2440     4.5970
12.7259     21.5899     3.8882
15.4878     22.9588     3.3414
2.5853     15.9414     3.6590
7.4721     25.0529     6.1625
8.7845     27.3580     4.0204
8.4361     20.8824     7.2655
14.5059     22.9931     2.9267
6.1925     18.1135     4.3333
14.4337     17.2174     3.5687
6.9324     23.9946     6.4856
10.7069     19.7688     5.9559
15.4848     19.3854     2.3044
11.6854     17.6330     7.5723
8.0372     21.2070     5.7308
10.8594     20.5523     5.8838
12.4236     18.6702     4.7948
2.6846     19.1812     5.1156
7.8796     19.7027     3.6023
18.9602     14.1525     3.2539
3.2395     22.2995     7.5396
7.2144     15.3670     3.6705
10.5638     21.8842     3.8088
16.3743     17.9574     2.1738
10.2964     20.0281     4.0582
6.0480     20.1245     6.6656
8.6350     21.2487     6.0864
4.1863     20.7860     4.5457
4.2155     9.9148     4.6031
2.6676     23.1240     3.8025
7.1410     21.9862     0.8684
10.6501     26.6758     3.6846
5.4103     16.3309     6.8290
9.2944     20.3682     5.9306
7.9528     21.0324     3.7337
6.9284     19.6706     3.3813
15.0147     20.2053     4.8089
11.5750     18.6244     5.5390
23.1499     13.9505     8.4427
13.2695     24.9660     4.8182
7.7736     20.3963     1.4769
5.0290     17.3983     2.6198
9.5116     14.4911     3.2077
7.4299     16.5685     4.7107
11.4165     16.9110     4.2053
8.9499     21.7577     7.4776
8.0567     19.1832     4.7661
16.3533     16.1171     3.7020
10.5641     15.0207     6.5701
6.2870     18.2329     1.9434
18.0628     27.1813     2.9112
10.9631     25.5330     5.0638
9.9331     25.5114     4.8825
1.2648     14.8603     4.2771
8.7407     13.7837     5.8345
14.0771     16.6539     3.3407
13.8605     23.4439     5.9330
13.0452     19.9112     4.8022
13.6294     10.7944     5.1120
11.6916     22.7876     6.3441
10.9163     22.0644     4.7906
8.0628     21.4213     6.0929
10.7545     17.9896     2.4417
12.1611     15.4093     4.5389
3.6810     17.8107     6.8398
9.5226     23.7915     5.2016
6.0414     18.3823     6.1955
12.1331     21.5812     5.4882
16.6806     21.7203     6.5001
10.6318     25.0716     4.0754
10.1109     21.1862     3.8586
7.6644     21.3257     7.2844
15.9079     20.9710     9.3169
6.8989     14.7227     4.6684
10.1162     22.1839     5.7004
13.8119     22.7566     5.5923
10.0024     29.1148     1.2168
12.2414     16.7909     6.5530
10.9002     20.2018     4.6091
8.5814     19.0241     5.7401
12.1649     14.2836     4.5093
9.4017     14.6692     2.4085
7.9704     20.7920     2.2025
9.3209     18.7968     3.9717
5.4520     17.3259     6.4344
9.2974     23.4950     6.0197
6.1346     18.7627     3.1709
10.8082     15.4173     6.6017
3.2426     21.9659     2.4896
10.1771     15.4207     5.2349
4.7451     13.8950     4.2975
14.6559     20.5586     6.1056
13.9121     15.7137     6.7820
16.3918     13.0713     7.0079
7.5263     26.3899     4.9945
10.1282     12.1917     3.1185
15.9909     20.6444     6.7817
8.8984     20.1170     4.5309
7.7531     21.2693     7.2902
10.2693     14.5139     7.4257
15.9029     19.2837     3.6440
12.1659     21.7891     5.6534
14.2814     22.6099     4.9081
5.0169     30.9903     1.9770
11.5701     25.2218     4.5521
14.2436     15.7376     6.5043
9.5765     21.1419     6.4106
3.9795     16.8568     2.8151
7.6561     17.4850     7.1958
14.2043     17.0725     7.0844
11.8766     17.3728     4.1785
9.1498     17.7196     5.1819
13.8638     16.3955     8.5852
11.9325     15.5440     4.4311
6.8480     21.1280     5.7473
5.8448     24.0496     2.1357
11.4110     23.3056     3.5614
10.0081     19.3074     6.5686
11.6601     25.7954     4.5264
11.5526     22.3727     5.9621
10.4677     21.7585     3.9934
10.7722     20.0507     2.6418
11.3697     20.9778     4.6470
8.4955     17.8172     5.0585
2.7013     14.5412     4.1942
13.8450     21.4600     5.3170
14.4308     27.8278     3.3223
10.4116     20.5137     5.8771
9.7903     17.3283     3.3288
15.0422     26.9713     6.4663
7.2889     25.3083     2.7938
9.4415     21.4999     2.7787
6.7986     18.5053     6.3345
0.3068     19.4048     7.5505
2.4964     12.0439     5.3594
-0.4311     22.9764     5.2744
5.9518     20.8360     1.5109
7.2830     21.9781     3.1419
11.1219     12.3957     6.8786
17.0003     21.6026     0.5707
5.7473     20.2073     4.1651
14.8723     16.7047     2.3019
11.4868     20.3639     7.4421
5.6515     14.6321     8.7018
7.0952     20.3583     2.7287
14.1608     17.5632     5.7651
9.0541     16.4225     5.4462
4.8709     16.6055     7.8334
11.0508     14.1337     5.6980
10.6580     23.1704     4.2257
11.0893     14.1574     3.9893
10.1611     19.0397     5.3600
14.2338     27.5607     5.0817
12.3826     21.0741     6.0096
5.6896     22.7472     5.3399
15.9750     17.9304     4.7624
13.3634     17.0367     5.8747
12.1893     17.1044     4.7903
9.3353     18.4339     2.2232
13.3418     24.4572     4.2078
3.8619     23.5801     4.5256
12.0356     26.0409     1.9782
8.7727     19.8015     2.1125
15.3829     22.5527     8.6137
4.1770     19.4254     4.4739
12.3405     20.9246     6.1060
2.7688     15.1992     8.6293
11.6216     19.9762     5.9579
7.6506     19.5482     2.5404
6.7335     25.2703     2.7778
10.5697     20.1377     6.3492
12.1466     16.1329     4.1315
11.5991     16.3808     6.0840
12.2714     22.6072     3.1921
3.6194     24.1786     5.7142
1.2310     18.6521     3.9610
14.0690     19.4312     5.3782
16.6939     22.2737     5.2481
8.4011     17.3521     6.6483
8.3583     24.1705     5.0463
9.9534     13.6074     8.8894
7.8025     18.2888     4.0627
12.9589     17.4557     3.5754
10.8593     18.4230     8.3996
11.3325     20.1420     4.8841
8.0141     17.8783     3.5753
10.8392     10.1959     3.7137
11.6490     26.0655     7.6663
5.6570     16.9630     3.1586
5.5941     22.7029     6.8200
10.5257     20.9247     7.7011
12.6418     19.0335     9.0463
11.9890     25.4724     7.1884
10.9356     20.9207     6.0083
13.0430     19.5821     4.4884
4.4961     17.6470     5.4497
11.8559     15.8177     5.4283
9.2634     15.9587     6.9975