9.8533     21.3739     9.9389
9.5589     5.0129     10.3026
11.2460     13.9772     9.2860
5.9566     -0.3662     10.5275
12.9735     6.9902     11.6932
6.1981     13.4760     11.2477
10.9253     6.5381     9.8669
14.5913     5.9221     8.6754
10.8196     19.4704     10.5314
6.0216     12.4985     8.9760
6.5549     6.4898     11.8355
15.9968     9.3299     10.3750
16.7786     2.1204     10.5055
16.4450     11.0252     9.9859
15.6484     10.4377     10.5411
10.9197     8.4115     10.5680
12.5379     5.3221     8.4064
8.2315     9.7391     9.1503
13.4748     11.3177     10.4378
7.4749     9.3202     10.7023
10.6005     8.6821     9.9323
7.7650     2.8549     8.3824
11.5869     10.1893     9.6206
7.9883     16.3233     7.8129
16.0360     11.2851     10.3102
12.9211     12.8130     10.5787
12.4203     9.9586     10.4462
9.9658     6.2332     10.4406
11.6723     9.6986     10.5719
9.1104     4.7074     11.1482
8.3984     8.2413     8.9637
4.6420     13.1889     9.8437
9.7734     8.6176     9.9796
7.2206     6.9770     9.0911
10.4181     5.2867     9.4128
10.3207     -1.5013     10.4015
10.0865     12.5385     9.1811
8.8927     7.2058     9.5336
12.8322     13.8324     9.4709
9.3761     7.8188     9.5522
13.7377     5.1487     9.9655
14.5332     17.6210     10.2968
18.9063     4.3812     10.9240
7.9252     9.4799     10.5664
10.2758     12.0475     8.6830
9.6852     15.1856     8.0882
5.4083     10.0850     7.8702
1.2374     6.9562     9.7582
10.6155     5.6429     11.6266
14.0323     5.0100     9.9911
9.7432     0.9587     9.4478
12.7864     4.5223     11.7541
11.8994     -3.3292     11.8992
12.2123     14.6762     11.5993
11.0235     5.0916     10.5153
8.6098     2.8881     10.1800
10.5718     8.0211     10.2425
8.8309     8.8642     9.8077
8.1863     18.5788     10.0045
11.8384     2.4193     9.5574
16.1380     -0.8631     7.4869
12.6476     6.2329     9.0647
8.0752     8.4389     10.2946
9.1992     -0.8943     7.9741
7.3161     16.4718     9.8498
10.0854     2.6809     10.3442
7.6032     16.9565     11.0513
8.9516     7.6310     10.2395
6.7434     2.6460     8.9158
10.2362     -1.0090     10.3423
4.9335     6.6092     9.1961
6.2079     20.0664     10.4152
6.2462     4.2585     10.7088
10.5784     16.5228     9.5157
6.5899     13.4559     10.3198
10.7861     12.4965     10.5273
11.9718     16.2323     9.5998
10.7969     11.2292     10.0610
12.8211     3.9755     11.3785
9.0990     9.2476     11.0328
6.1191     12.3426     8.9608
12.9634     2.5859     10.5809
10.3649     7.2977     11.0441
7.0064     9.1411     9.7531
7.4332     11.4568     11.6473
4.8852     15.9729     10.2915
10.6905     11.6212     10.1640
7.6880     9.5166     9.8582
7.8502     15.2337     10.2831
7.7533     12.9073     8.8441
9.1256     14.8541     10.6741
11.7830     0.2152     9.2256
10.2787     11.9305     8.0437
6.5216     16.4645     9.5822
15.1627     4.8558     9.6249
9.8359     13.5614     9.0198
11.6934     11.0085     10.6253
6.7298     4.7930     10.1646
11.4954     18.1193     10.5737
14.8814     1.9085     10.5437
12.4608     8.6322     10.9343
10.8668     20.4480     10.5173
11.6859     9.5748     9.6490
10.0800     15.3175     9.3672
7.5698     7.4033     11.3591
10.5681     10.0432     9.7809
9.8785     11.1653     11.2016
7.6971     3.7532     8.1740
13.4659     12.7324     9.4811
8.7211     9.9881     12.3515
9.3991     13.8758     10.3812
10.8328     6.6370     10.0464
12.7472     11.4295     10.3673
10.8080     2.1934     10.6519
10.9958     10.4198     9.2981
8.1489     13.5967     11.1564
4.6757     6.7407     10.4594
3.2823     5.4771     9.5842
5.8175     2.6158     11.2434
8.0144     12.6578     10.0623
10.4455     13.1718     11.1532
6.6098     2.1772     10.0691
12.4555     3.0382     9.4996
10.4384     11.7592     10.3076
13.9525     11.4988     8.5710
9.6666     20.6472     8.1850
13.3408     12.7852     10.2928
7.2022     10.5532     9.5030
9.2981     14.3966     9.8198
15.0270     3.9246     10.3552
9.5726     4.6323     9.7196
10.1731     9.6216     11.2000
5.4696     6.2380     9.2492
4.7692     10.0564     10.5286
13.9755     9.2978     11.6266
7.8329     2.4385     9.3404
14.5436     19.7925     9.9231
7.3712     5.0115     10.4167
14.3693     10.8953     9.6821
10.7051     7.4226     9.5988
7.5899     4.2695     9.2074
10.0837     24.0798     9.3623
6.8296     11.7136     11.9634
6.3479     18.8697     9.5729
9.8724     7.2115     8.4022
15.3425     23.0477     10.0523
10.8130     15.3708     8.7824
4.7914     12.7332     11.1562
13.2262     10.4697     9.5045
5.9618     16.9602     10.5857
8.0078     15.3190     10.3374
12.5886     15.0910     10.4216
13.9660     9.3075     10.6279
9.3703     8.2088     11.4127
5.1741     3.7717     9.5700
11.0911     2.7569     7.8699
10.9498     6.3255     11.0490
13.8245     1.5018     10.7211
10.8445     13.9401     9.0434
15.0136     14.5013     9.6363
13.5795     7.4835     9.2194
5.2514     11.0762     10.2487
8.5141     7.8210     8.9903
6.7848     18.9119     10.5969
5.2719     12.8783     9.1456
11.5945     5.0519     9.0242
8.8217     8.7312     9.0714
14.9053     3.4446     10.5515
12.3208     6.6880     8.7049
9.1250     14.4119     9.7079
7.5814     2.8006     8.8967
10.3173     10.3091     9.9131
4.9003     6.6403     10.5800
14.9520     7.3863     6.8962
9.5635     10.0539     9.0516
13.7371     12.9774     10.4453
5.9242     7.8796     10.3832
13.2168     13.5167     8.6332
12.1723     7.7783     11.1835
7.4265     20.0050     10.2519
12.2227     11.7976     11.2650
6.7753     10.6392     10.5096
13.7535     10.6893     10.6745
8.7511     7.7453     10.4126
9.3142     6.5948     10.4619
6.9408     2.6438     9.0407
10.8616     13.6484     9.3196
11.6867     4.7211     8.6696
7.9321     15.9151     9.8441
9.9671     9.0713     11.0571
14.9326     14.2713     9.4747
13.1559     17.1267     10.4132
4.1695     3.9358     9.8421
12.0397     5.9276     9.3731
10.1768     7.4156     8.5173
11.4578     2.4750     10.0640
9.1616     11.1537     9.9474
14.7580     14.1360     11.5016
9.1720     13.4183     9.3974
9.2703     14.6872     10.3993
2.7245     2.7966     10.2690
12.8091     16.8716     9.9657
15.8339     17.7641     9.9251
7.6866     11.9713     9.8371
11.4736     6.8312     11.0208
9.4156     8.4871     10.5228
13.7176     17.1787     8.1058
10.2854     10.9878     9.6409
13.8260     12.7719     9.5667
9.6074     6.5892     10.1210
12.3506     18.4402     10.6287
8.2257     9.0891     11.6166
9.2487     7.7906     9.6883
9.9186     14.3683     10.0529
9.5094     17.6710     9.2605
9.1758     19.3239     9.3847
15.3227     6.5814     9.5692
6.2966     4.9151     10.5615
12.6217     8.4353     10.6435
12.9444     7.4630     10.6282
8.7444     1.1977     9.4928
7.9047     6.3744     9.9011
12.3764     16.4892     10.8605
10.0044     3.6140     7.9851
16.4115     11.2236     8.4747
10.3321     11.7089     10.0979
11.6279     14.0898     11.5972
13.3412     9.4476     9.4448
7.4502     4.7923     10.5484
10.4565     10.2369     9.0958
4.7154     4.3002     9.9478
9.4611     10.3605     8.5441
11.1099     5.8463     11.5879
13.5372     9.2800     9.8678
12.0445     9.4311     11.6589
6.2674     6.0089     9.9849
9.7694     9.0141     7.8302
11.1558     20.0690     10.4591
7.6687     4.3921     11.0601
7.5432     9.4422     10.4627
9.6235     12.5818     10.3855
5.9578     8.3840     8.6993
11.8232     12.6435     10.3117
11.2365     1.9831     10.0549
13.7267     17.9544     10.2039
13.9596     12.4001     10.8013
14.7779     20.1310     8.5219
10.6329     21.8628     9.1485
7.7365     8.3572     9.9234
12.0357     3.3203     10.1872
13.3698     12.6396     10.7174
9.2941     11.8960     8.2361
9.8962     6.6599     9.5372
5.9469     7.9413     10.1644
7.0374     17.0411     7.0693
6.0486     9.7025     10.5251
7.1531     9.4764     10.5637
6.7989     10.4347     9.7407
13.4081     9.9438     9.6584
7.7052     18.1210     10.5855
6.6502     6.9368     9.7723
12.5650     12.7018     9.7889
14.4583     8.0551     8.3608
14.4464     15.5353     11.2562
9.8838     6.3245     9.1582
10.9421     15.8808     9.5542
15.5685     8.2356     9.7868
2.9575     8.2758     8.6284
11.8318     2.3808     8.1930
8.5054     11.2132     8.6018
8.2829     2.3772     9.9332
11.0583     5.3728     9.6497
10.2849     16.6622     10.8078
8.7823     2.4046     12.8628
5.3164     9.8557     9.3531
10.3528     22.6438     10.3349
13.9376     8.7957     9.2543
10.9154     9.2008     9.7842
6.6678     15.3170     9.4306
10.8457     27.6622     8.7460
10.9592     8.4365     12.7122
8.0377     15.7311     9.6202
14.0806     18.7123     10.0940
6.8253     16.5798     9.4700
8.3503     4.7305     10.6449
14.5700     8.4945     12.0788
8.0747     8.7042     10.5806
9.3344     2.4829     9.7644
8.1548     12.9608     10.3707
9.7028     11.2162     11.2615
9.4276     1.9421     10.4709
6.4348     9.9815     9.2587
8.9243     8.9017     13.0143
9.0559     23.9537     9.9113
8.8346     9.3270     9.3563
13.7759     16.1136     7.6841
5.9205     11.0082     10.2650
12.8491     6.3169     10.7231
14.5656     15.3376     11.8045
5.4391     16.8837     11.0594