-0.7467     16.9468     6.1325
1.0609     22.1822     5.7438
0.5677     15.9854     1.1728
1.0528     20.7926     5.0988
0.7007     21.2184     5.1536
0.4042     16.2577     5.3135
0.2955     17.8602     2.9858
-1.4388     20.2331     3.4718
-1.1792     19.1349     3.3823
-0.3660     14.4207     4.9735
-1.4752     20.3481     3.6069
-0.8733     21.3482     7.5899
0.4224     16.4992     -0.4753
-1.2181     25.5979     6.0137
0.1673     22.4344     6.9098
0.0314     21.5804     5.1522
0.3448     18.5424     3.1479
0.2795     16.7274     4.3306
-0.0984     19.6618     3.1540
-0.9204     22.6987     4.9581
-1.3735     13.7981     2.8325
0.1030     24.7615     8.4107
1.2509     19.9409     4.7604
-0.1795     19.1349     9.4214
1.5878     24.0258     3.9847
0.6242     14.4634     4.0199
-0.4821     15.2446     6.5808
-0.7949     14.6849     8.3502
0.5058     18.1234     1.2762
0.3039     20.0003     6.9750
0.4197     27.1301     2.9931
1.3630     18.3135     5.7695
-0.3986     18.7528     3.1711
1.2756     23.1885     6.7370
0.1671     22.6658     3.9688
-0.9126     20.7277     3.9024
0.4489     21.7962     3.0651
0.1473     22.1624     4.5155
-1.2283     26.3572     2.3270
-0.9761     23.3460     4.3595
1.3997     19.3725     5.2196
0.3257     27.2226     3.6412
-2.3138     19.7878     2.3344
0.3704     23.4889     5.4435
-0.2538     24.2170     4.8424
-0.4864     27.1583     4.5751
-0.5727     24.3354     3.7911
0.9581     22.7403     4.7433
0.6480     20.3318     5.6089
-0.2380     24.8210     3.4563
0.5720     18.7272     1.3725
1.0312     15.5008     1.6734
0.4795     23.9426     4.4939
-1.2915     24.1581     3.8018
0.6405     17.1138     1.3742
-0.9410     20.1963     5.2752
0.4035     14.4984     4.9803
0.2641     14.0440     5.4875
0.0238     23.8947     5.0214
0.0783     21.5658     4.3060
0.2092     24.6986     2.7428
-0.7721     16.8069     6.4942
-0.5234     19.8763     0.5298
-1.8389     21.3796     1.3023
0.2974     15.1355     5.3660
0.5769     19.5484     4.7397
0.0243     17.8707     7.3699
0.1297     19.0792     4.4305
0.7166     18.5657     6.4123
-0.7811     24.5157     5.8119
1.1672     13.3407     6.0565
0.2949     22.9948     4.8007
0.2069     22.5428     2.0742
1.3622     16.0272     6.4302
0.6310     17.3990     5.7701
-0.4381     20.5044     2.6214
-0.1586     19.3931     5.6066
-0.4736     25.1712     0.3525
-0.3572     23.0841     5.3841
-1.3460     22.3371     5.2480
2.1160     19.9986     5.5534
1.2232     23.0377     9.0639
0.7479     21.0126     1.5157
-1.2775     21.0551     10.2688
1.0518     20.3461     5.5788
-0.8254     19.7491     4.6543
0.1341     22.2811     6.5001
2.2253     19.1905     4.2164
0.6615     19.8042     6.9065
-1.6251     17.1962     4.1257
-0.0060     17.1505     3.6467
1.9263     23.3184     5.1166
-0.3631     20.9753     5.7449
-1.2993     17.3056     1.6464
-0.8518     15.0540     4.1462
-0.1670     14.1112     6.3864
1.1881     17.2242     2.4892
-3.1130     17.5900     0.1443
1.1382     14.1048     3.3799
0.8844     19.3710     3.1685
-2.3657     16.7643     2.2917
-1.0679     18.3898     4.0685
-1.8309     23.1993     0.5596
-0.9332     17.8788     4.2910
0.3526     20.8982     3.8986
-0.4475     18.5790     2.6814
0.8336     17.2837     7.9451
1.4443     18.6413     5.8357
0.7074     19.9700     4.1221
-1.1584     24.1654     5.9418
1.5868     23.9964     5.7378
-0.1841     18.7705     5.3852
-0.8240     15.1847     5.2668
0.5981     18.1706     4.9997
-1.9138     22.7837     4.4808
0.1719     19.6618     4.6593
-0.8193     24.0625     4.3835
-0.0718     26.1513     8.5632
-1.0641     20.9340     2.1148
0.0720     20.3592     2.3998
3.0214     20.9517     3.6510
-0.2088     19.2747     3.7399
-1.0387     17.9646     1.4613
-0.6612     17.0376     5.3983
1.2089     19.3267     5.1191
0.2537     19.8735     5.7933
-0.1380     25.2762     5.8194
-0.2041     17.7524     5.8624
-0.0112     16.1581     7.3419
1.2160     14.1298     3.6806
0.3133     20.3406     6.3068
1.1945     18.9669     9.8336
-1.0056     20.8088     2.0141
0.1207     18.0714     8.6983
0.1931     23.3277     4.0409
1.3748     24.4075     3.0244
0.3373     18.3989     2.3078
1.5180     12.1128     3.6049
1.2081     20.3139     4.7780
0.4815     21.6298     7.0548
0.3077     25.2301     2.6128
1.4867     26.2996     6.1162
0.1767     18.5009     2.8799
0.8844     22.0209     9.0079
0.7381     23.5301     6.3503
-1.8707     17.1670     8.6485
0.0504     21.6894     4.0779
1.7973     19.0054     4.5378
-1.1652     17.8121     4.6586
-0.7954     26.1391     9.2297
-0.8182     27.8073     5.5623
0.7931     25.9151     6.2775
-0.7769     14.0212     2.3183
2.4317     16.8816     8.8828
-0.0585     22.3113     4.5238
0.4364     20.4607     2.7765
-0.5179     21.8878     4.2324
-0.5737     23.5564     5.8601
0.0646     25.5572     3.8815
-1.1685     14.0721     4.0330
-0.4515     24.3144     7.4529
1.9311     26.3183     3.8706
-0.3294     18.5497     8.5151
0.7351     19.2035     2.4600
0.5838     21.6435     6.3986
-0.3858     19.8986     6.3662
-0.2527     16.0484     3.0438
-0.7130     21.0764     2.9130
-1.1452     19.3405     6.3222
0.7000     18.7111     7.1838
0.9692     24.9006     3.7766
-0.1456     22.2737     6.3653
0.0872     24.4699     2.7813
-1.0523     18.1594     4.8090
-0.9644     20.7998     5.0599
-1.7485     22.9373     7.5947
0.1386     21.0481     4.4402
-0.3149     20.0072     7.4287
1.4700     18.3787     1.6754
-1.4245     19.8626     7.9295
0.6611     16.9948     5.7835
-0.1309     21.9513     3.2024
-0.4401     19.2404     4.0674
-1.4410     17.9716     4.5541
-0.7573     21.2234     2.1116
-1.9707     27.3640     7.2077
0.3338     24.3640     4.4972
-1.3442     17.0761     3.5897
-2.6964     27.1303     4.2374
1.2860     15.5363     3.5427
-0.4884     15.4973     3.8805
0.0014     18.3809     8.2850
0.7006     24.4927     0.9505
-0.5135     17.2832     5.1334
-0.3449     19.1563     4.2373
0.1162     12.3238     6.2873
1.9868     19.6186     4.2688
-0.9682     14.6429     4.5320
-0.5634     19.1953     4.3861
1.1372     17.8509     6.7695
0.5132     18.6544     7.9573
0.7316     18.9606     5.2626
0.2842     23.5105     7.9582
0.2725     22.3173     7.6563
-0.5712     25.6820     3.1591
-0.3166     15.9318     4.3388
-1.6163     22.4866     8.2178
0.6312     24.1563     3.3595
1.6876     14.4305     5.2549
0.7900     18.4667     2.4839
0.1881     11.5782     6.8623
0.7610     16.4368     8.2789
2.2797     23.7572     1.8772
1.2596     25.5248     6.9722
2.3834     26.9316     4.5292
-1.7715     9.9196     4.7885
1.0395     13.4384     4.0533
0.5595     23.3350     3.1046
1.3112     23.7391     5.4441
1.8274     21.7035     4.5376
0.3999     16.9700     4.4600
-0.2196     18.6257     5.4100
-1.4906     19.8564     4.9565
-0.3983     16.2366     5.1436
0.5084     18.2143     1.6843
-0.3067     21.1513     6.2226
-0.0104     23.1474     4.6078
-0.3223     15.4829     2.3214
1.8662     23.8196     3.3528
-0.4645     24.1955     3.5944
1.3366     20.6560     1.6699
1.1574     18.4165     7.0363
1.5158     22.4806     6.0646
1.2301     24.1529     6.1039
-0.4279     19.8167     5.0451
-0.9492     22.5881     3.9406
1.3742     25.8833     5.9821
-0.1762     21.1854     8.3655
1.5211     28.4595     4.5586
-0.3796     18.1926     4.7190
1.1535     19.1494     3.3474
0.6266     17.8729     6.5620
-0.2077     15.2427     7.7341
-2.3686     18.5614     4.3981
0.0671     14.8554     6.7706
2.0957     24.4949     6.6289
0.1513     13.2137     4.1735
0.3804     11.2410     4.6079
1.6256     17.1006     4.0984
-0.8117     20.9820     8.3896
0.6193     18.9646     1.6847
-0.4466     15.1232     5.4990
-0.8832     22.6111     9.2963
2.0886     19.4857     0.7769
-0.1339     24.6741     4.9848
-0.6096     22.9280     6.1030
0.1278     26.2982     5.7018
-1.0211     25.8786     8.9592
-0.5399     22.5954     6.0198
-0.0359     12.4143     3.8888
0.0176     19.3511     6.5547
0.9890     12.4900     2.8537
0.9649     13.1053     5.1116
0.3478     23.5428     2.8959
-0.1231     16.5302     5.0713
-2.5477     17.3395     5.3019
-0.6626     23.3311     5.4782
0.5252     22.6321     4.2877
0.6506     14.3742     6.2912
-0.4586     25.1939     6.7339
1.3726     19.4964     5.7276
-0.9624     22.3350     7.3173
0.6551     18.4804     3.3938
-1.0188     15.1971     4.5879
-1.5660     17.5748     5.4967
0.8353     17.3364     2.2973
0.8497     24.7048     3.3966
0.9638     17.9828     4.8720
-0.5362     21.0749     7.1043
-0.8235     26.8161     1.7638
-0.3002     15.4102     10.1129
0.3013     11.6086     2.4901
0.4851     14.2282     4.3848
0.7711     22.4400     3.4910
0.8355     15.3748     3.7843
1.9149     18.2861     7.8793
-0.0183     15.9735     5.8709
0.5908     19.7380     7.1036
-0.6434     35.4982     4.1957
-1.8425     18.4863     5.9087
1.4937     22.9727     6.0937
-0.8538     19.1860     4.6311
-0.9716     23.0442     6.0919
-0.1296     18.8903     5.3780
0.0287     22.6986     4.5971
1.1056     18.8738     6.7829
1.1126     19.9222     3.3589
1.5930     24.9175     2.9914
0.7212     18.4977     3.9019
-0.4096     20.8338     9.4324