9.3968     15.9779     10.7526
8.6641     13.4424     17.3604
9.1675     19.9541     10.9755
2.9340     19.4468     7.4579
7.3890     20.8792     6.4848
4.5303     15.3392     6.2462
9.4446     15.0066     9.5476
12.5613     22.7010     7.9720
1.6486     11.7553     18.9346
10.9812     22.7527     1.4093
10.1230     12.5477     4.5913
5.0879     11.4583     8.9103
2.0500     22.9401     5.5174
-2.6539     17.4879     11.9266
13.4565     12.2483     12.3653
6.5894     17.9513     11.5508
10.9826     19.8604     3.1130
6.1886     15.6120     3.3982
6.8316     16.7328     11.4853
10.2875     9.9225     12.9164
7.3588     14.5046     18.8107
4.6459     10.8087     11.8435
7.5607     16.8103     10.9034
2.9051     15.0582     4.3683
12.1512     7.8165     6.6667
14.6629     18.2195     10.5655
4.5208     24.2639     12.2177
-2.0705     23.8884     15.2999
-0.3701     9.4829     9.8253
1.4270     16.4587     2.5048
7.5356     16.8583     11.6581
7.9585     13.3122     9.1665
13.5766     17.2999     13.3541
4.0321     14.8868     4.5327
1.8700     14.4826     13.2586
9.6484     9.2106     7.5516
-4.3934     13.4044     10.0265
6.1976     18.1296     2.2993
2.8929     16.3567     6.3035
10.7558     22.0590     7.2667
3.0029     11.8901     14.5327
7.9058     14.5550     3.6957
9.3260     18.6659     11.7348
6.5804     20.3637     17.4774
2.0992     14.3430     8.3020
3.9978     13.4823     17.4415
-0.7449     24.3707     6.4552
4.0605     18.8299     1.7532
0.5050     11.0524     13.1744
3.4077     19.5333     5.9333
9.0746     21.3576     12.2137
6.9935     21.5107     12.7314
3.4737     14.4137     16.6255
4.9943     18.0930     14.7608
-0.7653     15.5915     5.8451
4.3981     8.5535     7.9370
9.8672     11.8412     18.5313
2.5421     15.8807     11.0998
-0.9996     12.8394     8.7084
2.3364     12.8768     16.0730
12.1874     8.7427     7.8834
-1.2252     11.2294     6.7908
4.6248     7.8600     3.2105
0.8057     10.6208     3.7087
-7.8924     24.1635     7.2126
10.1276     15.4338     8.8812
-0.3707     14.9313     15.6131
5.1578     14.4271     8.8167
8.2409     12.7803     6.2818
11.3408     4.4846     8.6770
12.8636     7.8898     11.0795
6.4947     10.3649     17.0805
3.7793     22.7545     5.3512
18.6331     19.4442     8.1216
-2.4955     15.1538     9.7492
-3.9570     18.0937     11.4843
5.8643     17.1263     10.8316
-0.9918     3.8316     5.7816
6.2590     5.2978     21.3241
7.5506     17.9816     11.9375
13.3177     22.2273     -1.7450
-2.0428     20.2090     15.7049
2.8326     12.3889     8.3088
3.4405     19.6112     7.9596
2.3670     14.9577     14.9382
-1.2110     14.3462     8.3333
4.7197     20.0176     11.4431
6.6559     19.8679     8.5592
5.7580     17.2378     10.1477
6.8704     7.2065     7.5498
-1.3924     23.3512     8.3953
6.6757     16.6583     6.3381
8.9936     7.9037     5.9461
-0.0929     6.5208     3.2055
3.0369     17.4373     14.2667
9.0972     17.5762     12.9852
4.5649     16.5519     5.5740
7.8123     27.4665     14.2436
9.2054     14.3064     10.9114
-1.1228     14.3942     9.2951
1.1608     13.4897     13.2742
6.4614     17.9629     11.0586
5.4679     7.8381     9.7160
5.2115     16.3192     8.0210
-0.6477     13.8628     14.8320
2.5746     8.5609     21.0592
7.9968     16.9929     8.1324
8.8705     10.1671     11.5633
-3.3106     18.4466     12.6815
3.4804     20.7535     10.2128
9.5833     12.3929     6.6965
7.3854     22.4786     16.5474
7.6937     10.4866     3.7353
3.1632     4.4156     10.6602
7.7226     17.5155     2.9513
5.1873     15.0155     5.8580
4.6862     13.6634     16.3510
6.7928     10.8382     5.0056
3.1888     10.1757     4.4363
-0.4035     10.4551     6.4200
-2.7823     18.0049     5.0232
9.2354     14.4433     10.9789
9.8849     15.5083     7.2302
-0.0278     13.0478     -0.1811
5.2573     16.6029     3.4848
14.0162     9.1115     8.7334
7.8204     6.4208     13.1507
11.8776     7.9062     15.7762
3.2587     13.7205     8.0418
-0.2775     16.5064     12.4388
1.7285     3.4810     9.8012
3.7277     9.8688     6.3615
6.7553     -0.7816     10.1581
7.5453     17.8134     10.7782
12.0578     11.1391     4.0322
1.7172     18.2379     15.9709
1.4677     21.1350     19.6770
1.1581     10.8251     0.2433
-5.2114     3.5818     9.4554
4.6313     13.2042     10.7548
11.1820     10.8793     7.9847
6.9400     11.9495     0.3059
6.5426     16.0938     4.3150
4.5949     21.8125     22.2285
4.7228     18.8848     4.1210
2.4881     23.1719     1.1778
-8.8427     9.3031     5.7249
6.7806     22.1585     14.7635
7.7467     18.8377     8.3566
-0.2295     13.2877     12.2276
1.7960     16.4771     8.1414
5.9922     11.5974     2.2756
2.5004     22.1840     10.3796
5.6970     18.6990     2.6717
10.8457     15.1623     8.0854
5.3516     20.9043     14.9875
0.3891     16.9348     11.6727
2.7209     15.1242     4.3526
3.0603     17.1171     11.3690
9.3364     17.1338     14.9889
1.4992     16.6589     10.7236
7.9539     14.0641     13.7471
0.1627     8.4947     6.6480
1.4723     25.6987     10.4586
12.1777     14.7922     4.5996
8.9808     13.2772     15.0186
8.8907     16.0029     20.2667
10.0688     18.6610     2.0799
4.5994     17.2001     5.2935
1.1912     18.6400     7.6809
2.8064     8.5465     10.0050
2.3637     13.7059     9.8897
5.4694     19.7838     12.4209
5.8344     15.2366     18.0846
1.2521     16.6560     9.5586
13.3726     12.6518     14.2037
9.5669     8.3701     1.2171
4.8435     15.5696     9.3976
13.0173     20.4103     4.1985
3.7336     14.5280     12.7326
5.8498     8.8509     12.3780
3.5005     19.6354     18.8122
5.8660     18.1586     4.5891
10.6673     18.9201     6.3491
2.3367     20.1242     11.8521
6.7706     18.8924     7.4890
12.3310     26.4537     7.0644
14.8343     15.1568     13.0724
-1.9730     13.5032     3.1817
1.2074     12.2810     7.1550
4.0175     5.0285     16.6713
5.4788     22.4309     11.3401
-0.0339     11.2599     9.9967
4.7020     17.5720     3.4250
9.7167     19.3950     10.4568
5.8956     18.5929     2.5715
8.8946     23.3773     8.3665
1.5604     15.9030     10.1973
7.6167     17.3182     14.4059
6.5647     15.0487     11.1263
5.7834     9.0887     8.7195
8.8046     10.8738     10.6576
0.3064     9.5433     12.8376
-3.9810     11.7768     17.4481
7.4634     18.7900     10.9545
14.2676     23.4300     10.9716
1.6496     9.3628     16.0514
10.7031     22.8752     16.8275
9.1216     7.4899     13.2264
11.5306     24.5250     6.4738
11.4690     13.0901     7.0896
5.3046     20.8738     7.0817
3.5295     17.2641     8.7329
9.1696     24.8278     11.9956
5.7274     15.3426     11.4293
1.9529     10.3964     7.7640
-4.2608     9.8537     16.8430
8.1268     5.8604     11.6477
9.6681     19.0485     7.5194
2.5060     13.9360     5.4798
9.5262     13.4462     8.4166
10.3447     15.7727     18.3484
4.9155     15.5736     16.2116
-7.4625     14.8601     15.4147
7.3654     17.3260     13.3024
11.1403     25.1885     -1.1692
0.3345     14.5285     -0.4527
3.8556     17.6384     9.9709
7.2780     13.2372     3.4214
-0.6971     18.2520     6.6546
-0.2882     14.9228     11.4946
1.7505     13.8587     8.8582
2.1957     17.3587     -2.2548
2.2699     17.4999     6.2423
0.9910     6.8960     15.0744
-4.3009     19.4555     15.2007
2.6046     15.1525     9.9596
11.4429     22.2501     7.2771
7.6299     18.1968     13.8860
9.0197     17.8563     11.6073
15.9228     11.3448     21.7693
-5.3971     17.0266     5.4288
10.8736     11.8096     3.6996
9.5488     12.8117     17.7653
1.7334     16.1519     6.2778
5.6762     18.2014     18.9478
3.6519     14.2817     5.1367
3.1909     14.5485     4.2378
5.4457     15.9211     4.6432
4.7436     19.8751     5.9246
5.5921     14.3037     5.7431
11.9022     16.9836     4.6663
1.4317     15.2953     1.9218
6.5391     14.0321     7.3551
5.1689     16.4110     11.0102
12.6590     8.3354     24.2311
11.5697     6.9607     13.4959
11.4853     8.1796     6.1272
9.0084     15.8354     8.6135
10.1679     13.6734     9.3065
9.9062     14.8848     7.8603
0.6446     19.2295     7.3364
4.7349     14.4336     12.2560
8.2803     16.0878     11.9030
4.0270     20.9719     13.3081
-0.5508     10.2272     12.2985
1.5145     14.6308     4.8330
0.9921     19.5664     12.2025
6.9619     19.9652     10.9236
6.4462     19.2409     10.6061
14.4773     7.3309     7.4039
-1.6487     17.8331     17.4192
4.8358     17.5650     9.3384
8.2996     12.3693     8.4303
5.3389     14.4654     1.5683
0.1572     13.1970     1.0042
-3.2740     19.2644     -0.7854
5.1434     15.5862     12.2118
-0.5854     13.5903     9.4295
-3.5603     12.5394     11.3586
10.0854     22.2175     10.2557
4.5528     11.8008     1.3160
1.0857     10.3884     5.9527
8.5881     10.4923     -1.7290
4.5018     5.8404     7.5787
-1.0137     0.1934     10.8197
9.6570     15.6486     13.4748
10.9909     16.6972     3.9527
4.1390     28.6962     16.1227
11.5281     8.4978     13.0986
11.0185     19.9651     8.2501
-2.6031     19.8820     9.8024
1.8100     23.1205     6.7765
11.4747     10.5822     9.7142
13.3466     14.3047     10.2539
3.8086     18.7895     11.7903
8.5963     12.7732     13.4289
6.4790     13.0358     2.5910
0.9595     17.9356     8.8423
-1.9955     22.2762     6.8684