1 8.11015551
2 10.81615424
3 13.26877656
4 15.86363625
5 17.52535775
6 20.81087305
7 22.56884229
8 25.35766714
9 27.74616246
10 30.69876225
11 32.55515362
12 35.71844239
13 37.95924516
14 40.41262582
15 42.89752847
16 45.29144162
17 47.813683
18 50.9398467
19 53.11641462
20 55.56716506
21 57.50504166
22 60.07667803
23 63.19876307
24 65.06045658
25 68.12506229
26 70.44872891
27 73.41382178
28 75.1525313
29 78.30534356
30 80.32360293
31 82.83521103
32 85.16903222
33 88.23707659
34 90.77577307
35 92.98728691
36 95.36384203
37 97.9340981
38 100.0904167
39 102.5393711
40 105.7881156
41 107.5557174
42 110.3082139
43 113.4948497
44 115.9233157
45 117.6299601
46 120.4128393
47 122.5078357
48 125.5816648
49 128.0461579
50 130.709129
51 133.4558107
52 135.015833
53 137.8110679
54 140.1657029
55 142.539006
56 145.9433934
57 148.2183804
58 150.8944445
59 153.3465159
60 155.6662803
61 158.0477036
62 160.3592405
63 163.4007678
64 165.6519268
65 168.0553277
66 170.0539431
67 173.2521793
68 175.5982037
69 178.2530945
70 180.4190183
71 182.7141456
72 185.7159474
73 188.1276167
74 190.9745364
75 192.8715891
76 195.9184885
77 197.59549
78 200.9694985
79 202.5504564
80 205.6744828
81 207.6333602
82 210.7765715
83 213.3817111
84 215.7266777
85 218.3863683
86 220.9856347
87 223.3871376
88 225.1834359
89 228.084884
90 230.1049246
91 232.9228143
92 235.1042325
93 238.2536153
94 240.7138941
95 242.748242
96 245.0388566
97 247.884756
98 250.5843957
99 253.2750284
100 255.5992145